# GPS Velocities in China. reference frame: ITRF2014        Version: 1.0
# ----------------------------------------------------------------------
# Velocities are extracted from the crustal deformation data of CMONOC:
#
#     Zhao B, et al., Crustal deformation on the Chinese mainland during
#     1998-2004 based on GPS data, Geodesy and Geodynamics (2015)
#     http://dx.doi.org/10.1016/j.geog.2014.12.006
#
# The original horizontal velocities are respect to the Eurasia plate,
# calculte the absolute values by:
#
#     V = ΔV + ω × X
#
# Where V is the absolute velocities vector of one GPS station, ΔV is
# velocities vector respected to Eurasia plate, ω is the Euler vector of
# Eurasia plate in ITRF2008, X is the coordinate vector of the station.
# ----------------------------------------------------------------------
# However, the reference frame of the calculted absolute velocities V is
# ITRF2008, transform them to ITRF2014 by:
#
#              .   .     .
#     V' = V + T + D·X + R·X
#
#       .  .  .
# Where T, D, R are transform parameters from ITRF2008 to ITRF2014, see:
#
#     http://itrf.ensg.ign.fr/doc_ITRF/Transfo-ITRF2014_ITRFs.txt
#
# ----------------------------------------------------------------------
# Units for the records:
#
#     Lat: Latitude in angle degree
#     Lon: Longitude in angle degree
#     Vx: Velocity(mm/yr) in X component
#     Vy: Velocity(mm/yr) in Y component
#     Vz: Velocity(mm/yr) in Z component
#
# ----------------------------------------------------------------------
# Lat     Lon      Vx      Vy      Vz
  39.6   115.9   -30.18   -7.37   -8.12
  31.1   121.2   -30.90  -10.94  -11.28
  30.5   114.4   -32.56   -8.66   -9.72
  29.7    91.1   -46.92   -8.71   13.40
  37.8    75.2   -27.60   -7.50   18.23
  25.0   102.8   -32.55    0.01  -15.83
  34.2   109.0   -29.70   -6.82   -4.98
  37.4    97.4   -35.99   -5.47    0.81
  44.4   130.9   -23.89   -9.11   -9.11
  37.8   107.4   -32.74   -4.43   -7.39
  23.2   113.3   -30.93   -8.80  -10.08
  13.0    77.6   -43.42    1.32   34.03
  52.2   104.3   -25.71   -1.22   -4.15
  43.5    87.2   -32.23   -2.22    3.82
  42.7    74.7   -26.89    3.80    3.53
  43.2    77.0   -27.89    3.60    2.76
   1.3   103.7   -21.69   -5.23  -10.81
  47.9   107.1   -28.54   -2.33   -5.73
  71.6   128.9   -19.40   -2.09   -3.61
  39.1    66.9   -26.62    7.77    3.85
  13.6   144.9     6.06    6.22    4.99
  17.4    78.6   -42.30   -2.14   32.84
  56.4    58.6   -23.99    8.63    3.28
  62.0   129.7   -20.73   -3.55   -5.70
  36.4   127.4   -25.62  -10.43  -10.09
  13.0    77.5   -43.86    1.42   34.34
  -6.5   106.8   -22.74   -8.03   -8.02
  69.4    88.4   -21.83    2.37   -0.76
  24.8   121.0   -27.79  -12.39   -8.34
  37.3   127.1   -25.71  -10.13   -9.97
  55.0    82.9   -25.77    3.59   -0.40
  48.5   135.0   -23.56   -8.57   -9.53
  36.6   101.8   -38.26   -5.90   -2.98
  43.8   125.4   -25.76   -8.69   -8.35
  14.6   121.1    25.13   12.57    7.86
  48.4   134.3   -23.34   -6.26  -10.65
  37.9    77.4   -29.66   -6.33   16.04
  16.8   112.3   -28.02   -8.33  -10.23
  37.2    79.0   -28.17   -5.59   14.10
  46.0   122.0   -27.23   -7.51   -7.95
  44.3    84.9   -32.17   -1.14    3.92
  26.9   120.0   -30.69  -12.32   -9.55
  28.4    86.9   -39.94   -9.67   21.54
  21.7   109.2   -32.06   -8.69   -6.29
  40.7   120.9   -29.02   -8.97   -8.57
  42.9    90.3   -32.30   -2.45    2.28
  23.5    99.4   -25.70   -0.02   -9.98
  36.8   119.5   -30.00   -9.63   -8.77
  23.4   103.4   -33.91   -5.02   -7.25
  38.5    90.8   -35.46   -4.72    5.11
  39.4   117.1   -25.41   -8.86   -4.69
  24.7   108.0   -33.72   -7.37   -7.78
  40.8   114.9   -29.69   -7.02   -7.30
  25.7   101.3   -33.65    0.20  -14.44
  28.7    97.5   -41.76   -1.13   -8.21
  41.1   107.1   -27.41   -7.39   -1.33
  38.2   114.3   -31.61   -7.28   -8.30
  27.1   102.7   -37.92   -0.90  -14.89
  38.2   100.2   -33.85   -4.14   -2.64
  34.5   113.1   -32.52   -7.11   -9.28
  28.2   104.5   -34.39   -5.45   -6.52
  30.3   109.5   -33.76   -7.12   -8.07
  34.5   100.2   -41.55   -7.03   -0.88
  37.2   104.1   -34.39   -5.30   -4.48
  31.0   105.9   -34.33   -5.04   -7.85
  35.5   105.8   -34.62   -4.89   -6.85
  34.5   105.9   -34.31   -4.25   -7.97
  34.5   105.9   -34.31   -4.25   -7.97
   9.5   112.9   -28.58  -10.60   -9.18
  46.8    82.9   -28.53    2.50    0.82
  42.4   128.1   -31.30  -13.47   -9.72
  43.4    83.3   -31.36   -0.87    4.60
  29.7    84.2   -37.26   -7.68   19.71
  41.8   123.6   -30.26  -11.70   -8.02
  42.8    83.7   -32.24   -1.11    4.83
  30.1   122.0   -29.70  -12.44   -9.23
  21.9   100.5   -29.52   -1.52  -10.08
  38.1    85.5   -29.10   -3.40    7.02
  23.5   111.2   -32.90   -9.15   -8.13
  36.1   120.3   -30.28  -10.33   -8.94
  42.2   116.0   -29.06   -6.87   -7.42
  25.0    98.4   -24.77    0.52   -9.20
  31.5    92.1   -49.99   -6.38    7.15
  30.6   117.0   -31.52  -10.18   -9.13
  40.1    94.7   -30.56   -2.62   -0.07
  38.5   116.9   -30.35   -8.39   -8.06
  25.7   101.9   -34.34    0.02  -15.10
  40.1   113.4   -32.34   -7.89   -6.85
  26.1   103.2   -35.10   -3.04  -10.65
  27.9   109.8   -33.56   -7.74   -8.02
  39.2   101.7   -31.74   -3.05   -4.43
  39.7   106.8   -31.09   -4.22   -6.16
  28.3   102.2   -39.20   -0.81  -14.21
  35.2   112.4   -32.99   -7.55   -8.15
  29.2   102.4   -38.05   -2.52  -10.50
  37.5   102.9   -34.14   -4.81   -4.03
  31.0   102.4   -40.52   -5.70   -5.49
  32.8   108.8   -33.74   -5.94   -8.40
  35.0   104.6   -35.10   -5.17   -5.73
  47.4   130.2   -27.87   -7.78  -11.24
  45.0    81.0   -29.52    2.07    2.40
  32.5    80.1   -32.08   -3.54   13.88
  19.0   109.8   -31.40   -7.65  -10.48
  47.9    88.1   -29.15   -1.07    1.68
  24.4   118.1   -30.61  -10.78  -11.19
  40.7   122.6   -28.60   -9.76   -8.55
  39.0    83.7   -29.78   -3.93    8.65
  29.3    87.2   -40.83   -8.40   18.21
  32.0   120.9   -30.81  -11.66   -9.57
  22.7   101.0   -29.36   -0.60  -12.37
  41.0   117.9   -28.90   -8.04   -7.57
  23.9   100.1   -30.52   -0.27  -11.84
  43.6   111.9   -29.92   -5.10   -6.92
  25.2   110.3   -34.30   -9.97   -5.76
  38.7    93.3   -33.95   -4.43    2.87
  36.8   118.0   -30.78   -9.28   -8.59
  25.0   101.5   -31.92    0.26  -14.55
  36.2   117.1   -30.48   -7.83   -9.68
  26.7   100.8   -36.20    0.54  -14.87
  39.4    99.8   -31.41   -3.17   -2.91
  37.4   114.7   -32.25   -8.34   -7.93
  28.9    99.8   -41.99    0.75  -14.58
  34.9    98.2   -44.74   -6.71    0.14
  32.0   112.0   -33.29   -7.82   -8.62
  28.7   102.5   -38.09   -2.44  -11.00
  36.1   111.4   -33.50   -7.07   -7.97
  37.6   105.2   -32.81   -5.49   -4.50
  30.5   105.6   -33.82   -5.17   -7.26
  31.7   103.8   -44.79   -7.94   -5.08
  34.4   104.0   -40.95   -8.46   -2.72
  53.0   122.5   -24.42   -4.81   -6.97
  39.8    78.8   -30.79   -4.96   12.82
  18.2   109.5   -31.68   -8.84   -7.32
  43.8   125.4   -25.73   -8.39   -8.58
  45.6    84.9   -33.37    1.85    0.93
  20.9    97.8   -27.64   -1.87   -5.40
  47.0    89.5   -29.73   -1.72    1.69
  23.2   113.3   -30.93   -8.80  -10.08
  42.9    86.7   -32.91   -2.36    4.39
  37.5   121.4   -29.09   -9.43   -9.47
  29.5   119.3   -31.10  -11.35   -9.69
  29.7    91.1   -46.96   -8.41   12.88
  23.4   101.7   -30.88   -0.76  -13.14
  40.7   117.2   -29.14   -7.36   -8.07
  24.4   100.9   -29.54    0.55  -13.86
  35.0   118.3   -31.01   -8.78  -10.19
  40.5    95.8   -31.06   -2.83   -0.58
  25.6   100.3   -29.75    1.81  -15.16
  40.1   114.2   -30.46   -5.20   -9.39
  26.5   106.7   -34.28   -6.53   -7.54
  40.6   110.0   -29.10   -4.92   -6.42
  33.0    97.0   -47.51   -5.61   -0.59
  27.9   101.3   -48.93   -0.72  -17.08
  37.7   112.4   -32.91   -7.12   -7.92
  30.8   111.0   -33.42   -8.26   -7.43
  37.5   101.4   -36.46   -5.42   -2.68
  28.8   103.5   -34.71   -4.20   -7.60
  35.1   111.2   -32.83   -7.29   -7.45
  35.5   102.0   -38.30   -7.40   -1.25
  31.8   106.7   -34.00   -5.59   -7.39
  32.4   105.9   -33.64   -5.11   -7.04
  39.7    75.2   -30.62   -1.33   10.77
  42.9   129.5   -31.92  -11.52  -12.46
  42.7    80.4   -32.19    0.40    5.21
  18.2   105.0   -29.49   -5.24   -8.33
  43.3   122.6   -27.69   -8.88   -8.07
  36.4    82.0   -27.27   -4.24   10.63
  22.3   113.6   -32.20   -9.97   -9.56
  46.2    91.0   -31.33   -2.29    1.51
  45.5   117.0   -28.39   -5.78   -7.77
  27.6   118.0   -31.62  -11.37   -9.51
  24.0    97.8   -23.41   -0.10   -7.29
  39.0    88.2   -30.06   -3.03    4.70
  26.7   115.1   -32.54  -10.35   -9.14
  23.4   104.2   -31.08   -4.00   -9.05
  39.7   117.4   -30.16   -7.43   -8.97
  34.2    92.4   -49.47   -5.71    5.10
  40.4   116.0   -30.18   -7.14   -8.20
  25.0   102.8   -33.07   -1.01  -13.96
  35.4   116.4   -31.66   -8.93   -8.78
  27.8    99.7   -35.33    3.28  -17.73
  37.4    97.4   -35.99   -5.47    0.81
  35.7   114.5   -31.69   -7.82   -8.61
  28.0   107.7   -35.13   -6.78   -8.25
  38.4   100.8   -32.75   -4.38   -2.52
  28.3   102.4   -38.71   -1.94  -12.23
  38.8   105.7   -29.61   -4.68   -4.56
  28.9   105.4   -34.70   -4.87   -8.49
  36.6   109.5   -34.89   -6.43   -7.74
  34.5   110.1   -33.70   -6.71   -7.92
  32.6   103.6   -40.44   -3.80   -9.35
  34.7   106.2   -33.61   -5.20   -6.56
  38.7    75.0   -27.57   -6.68   16.75
  45.7   126.6   -25.06   -8.14   -8.37
  44.0    81.5   -31.33    1.18    3.41
  20.0   110.2   -31.70   -8.30   -9.14
  40.0   124.3   -28.33  -11.25   -8.15
  32.3    84.1   -37.40   -6.72   16.39
  27.9   120.8   -30.09  -12.16   -9.68
  43.8    87.6   -31.31   -3.27    4.59
  22.6   100.0   -28.25   -1.20   -9.35
  43.8    90.3   -32.26   -2.21    1.95
  24.8   113.6   -32.38   -9.77   -9.05
  33.4   120.0   -29.77  -11.85   -7.26
  25.4    97.5   -24.85   -0.26   -6.63
  40.1   117.5   -28.05   -7.39   -7.79
  24.1   101.9   -32.21   -0.20  -14.78
  40.3   116.2   -29.77   -6.40   -8.92
  24.4   103.4   -34.50   -4.81   -7.66
  42.0   101.1   -31.36   -2.92   -3.71
  28.2   113.0   -37.13  -11.71   -7.27
  28.2   113.6   -31.70   -8.71   -9.09
  41.3   108.1   -30.84   -3.59   -7.21
  31.1    97.2   -49.31   -3.85   -4.19
  26.6   104.9   -34.06   -5.44   -7.32
  38.8   111.6   -32.76   -6.98   -7.13
  37.3   100.1   -37.01   -5.22   -1.99
  30.0   100.2   -44.54   -0.41  -13.24
  36.3   111.9   -32.79   -7.33   -7.61
  31.4   100.7   -46.75   -3.07   -9.55
  30.8   108.5   -33.18   -6.19   -8.09
  36.6   105.6   -34.21   -5.78   -5.11
  35.2   108.4   -33.96   -5.97   -7.40
  33.4   104.8   -35.56   -5.18   -6.43
  50.6   123.7   -24.66   -5.43   -7.68
  41.2    79.2   -31.18   -4.27   11.28
  30.8    81.4   -34.11   -4.80   16.25
  49.3   119.7   -26.29   -5.46   -7.28
  23.4   116.6   -31.62  -11.72   -8.88
  19.9   102.2   -30.38   -4.09   -7.16
  44.2    86.1   -31.81   -1.02    3.10
  37.2   122.4   -29.58  -10.91   -8.96
  41.8    86.2   -32.13   -3.32    5.90
  22.6   108.1   -33.42   -7.80   -7.54
  31.3   119.4   -31.66  -11.53   -9.31
  30.5    91.1   -46.63   -7.84   11.51
  39.7   118.3   -24.04   -8.87   -4.52
  24.7    99.2   -27.18    1.19  -12.35
  39.1   117.7   -30.96   -7.55   -9.69
  24.1   102.8   -32.70   -2.08  -12.02
  29.7   116.2   -32.28  -10.26   -9.13
  36.1    94.8   -36.30   -5.78    3.51
  39.8    98.2   -31.54   -3.04   -1.99
  39.4   114.0   -31.85   -6.96   -8.23
  26.5   101.7   -36.60    0.12  -15.45
  27.4   101.5   -38.96    0.09  -15.46
  37.6   112.9   -32.48   -7.05   -8.19
  31.1   112.2   -34.06   -8.27   -8.91
  38.6   103.1   -32.05   -4.15   -4.24
  31.6   100.0   -47.19   -3.58   -7.85
  31.0   101.1   -43.53   -2.27  -10.52
  30.1   102.8   -35.85   -3.42   -8.23
  36.1   103.7   -39.90   -7.98   -2.55
  35.5   106.6   -35.21   -5.31   -7.19
  34.1   107.3   -34.86   -5.47   -7.83
  43.8    87.6   -30.87   -2.17    3.43
  31.1   121.2   -29.92  -11.45   -9.73
  48.7   126.1   -25.99   -6.89   -8.72
  33.4    79.7   -31.83   -4.15   14.57
  47.7    86.9   -29.55   -0.35    1.61
  25.5   119.8   -30.18  -12.12   -9.73
  41.7    83.0   -32.90   -2.98    7.64
  21.2   110.3   -32.97   -8.68   -8.94
  43.9   120.1   -28.30   -7.53   -8.16
  27.4    88.9   -45.86  -12.23   24.97
  39.1   121.7   -28.76   -9.00   -9.38
  29.2    88.9   -42.84   -9.27   17.76
  22.8   103.2   -33.94   -4.87   -7.55
  34.7   119.5   -30.79  -10.06   -9.49
  42.8    94.3   -32.20   -2.55   -0.04
  23.9   106.7   -34.13   -6.73   -7.97
  40.9   115.8   -29.43   -6.64   -8.08
  25.9    99.4   -28.72    1.97  -13.99
  32.9   117.3   -31.22   -9.92   -8.76
  41.0   100.2   -30.86   -2.51   -3.63
  26.7   100.0   -33.05    2.15  -15.95
  40.3   111.3   -31.98   -5.19   -8.19
  26.4   103.3   -35.28   -3.80   -9.24
  32.8   114.0   -33.76   -9.19   -8.53
  36.3    98.1   -37.07   -6.75    1.77
  36.2   113.2   -26.31   -8.30   -3.96
  29.0   101.5   -40.47    0.12  -15.06
  38.5   106.3   -31.90   -4.63   -5.88
  29.9   107.2   -33.69   -5.99   -7.66
  32.9   100.7   -44.43   -5.68   -4.38
  34.0   102.1   -40.51   -6.12   -3.96
  35.6   104.6   -36.03   -5.50   -5.47
  33.1   106.7   -36.22   -5.31   -8.42
  44.6   123.5   -27.24   -8.78   -8.00
  40.9   112.6   -30.87   -6.75   -6.69
  40.2   112.4   -31.63   -6.62   -7.22
  41.0   113.1   -32.81   -6.05   -8.60
  40.8   113.2   -30.33   -6.08   -7.56
  40.4   113.2   -31.70   -6.63   -7.71
  40.0   112.7   -32.45   -7.37   -7.01
  40.1   113.2   -30.62   -6.37   -7.57
  41.1   114.0   -30.88   -6.78   -7.49
  40.4   113.8   -31.51   -6.94   -7.67
  40.0   113.7   -32.41   -7.34   -7.72
  41.2   114.7   -31.07   -7.18   -7.57
  40.7   114.2   -30.63   -6.53   -7.87
  40.5   114.4   -31.07   -6.47   -8.32
  40.5   114.1   -31.36   -6.91   -7.80
  40.9   114.8   -31.31   -6.56   -8.48
  40.6   115.0   -33.14   -8.45   -7.59
  40.4   114.8   -31.27   -6.82   -8.33
  40.2   114.7   -31.39   -6.80   -8.41
  40.1   114.9   -31.33   -7.16   -8.15
  39.8   112.8   -31.98   -7.15   -7.16
  39.2   112.8   -37.92   -8.54   -8.56
  39.0   112.8   -32.77   -7.13   -7.77
  38.7   112.8   -32.23   -6.54   -8.27
  38.4   112.7   -32.78   -6.69   -8.38
  39.8   113.1   -30.50   -6.95   -6.89
  39.6   113.3   -31.65   -6.85   -7.73
  39.1   113.7   -32.75   -6.91   -8.61
  38.4   113.0   -32.35   -6.71   -8.36
  39.7   113.6   -31.99   -6.94   -7.96
  39.6   113.8   -31.83   -7.56   -7.37
  39.1   113.9   -32.38   -7.27   -8.17
  38.8   113.6   -33.11   -7.43   -8.23
  39.8   114.2   -32.20   -7.55   -7.77
  38.9   114.2   -31.81   -6.98   -8.48
  38.6   114.1   -32.23   -7.93   -7.63
  39.6   115.3   -32.08   -8.23   -7.78
  39.8   114.6   -30.43   -8.23   -6.42
  39.7   114.8   -31.13   -7.46   -7.77
  39.4   114.6   -32.18   -7.53   -8.18
  39.0   114.7   -30.94   -7.36   -7.91
  38.4   114.6   -28.91   -8.77   -5.33
  38.8   114.9   -31.27   -7.75   -7.84
  41.0   115.3   -30.34   -7.09   -7.73
  40.7   115.4   -34.58   -9.17   -7.80
  40.5   115.4   -30.77   -7.43   -7.79
  40.3   115.2   -30.20   -6.61   -8.31
  40.2   115.2   -30.78   -7.26   -7.94
  41.3   115.7   -30.97   -7.51   -7.78
  40.9   115.8   -30.55   -7.54   -7.71
  40.4   115.6   -31.69   -7.58   -8.25
  40.4   115.5   -31.24   -7.40   -8.14
  41.1   116.1   -30.28   -7.74   -7.50
  40.7   116.2   -30.84   -7.34   -8.36
  40.5   116.4   -30.28   -7.50   -8.10
  40.3   115.9   -30.86   -8.15   -7.45
  41.2   116.6   -30.32   -7.74   -7.79
  41.0   116.9   -30.92   -7.79   -8.29
  40.7   116.6   -30.05   -7.82   -7.70
  40.4   116.8   -31.33   -7.45   -8.98
  40.3   116.6   -33.14   -7.24  -10.06
  41.2   117.2   -30.00   -7.84   -7.89
  40.9   117.4   -29.08   -8.59   -6.84
  40.7   117.2   -30.51   -7.85   -8.29
  40.4   117.3   -31.00   -8.34   -8.19
  40.5   117.5   -31.38   -9.31   -7.50
  40.1   117.1   -31.48   -8.19   -8.57
  40.2   117.5   -31.21   -8.89   -7.92
  40.0   115.7   -32.25   -7.76   -8.53
  39.6   115.6   -31.44   -7.46   -8.49
  39.4   115.2   -31.66   -7.64   -8.19
  39.4   115.5   -31.94   -7.48   -8.72
  39.0   115.3   -30.97   -8.27   -7.32
  38.8   115.5   -32.48   -8.43   -8.13
  40.0   116.1   -30.70   -8.16   -7.56
  39.7   116.1   -32.38   -8.33   -8.34
  39.7   116.3   -29.21   -6.46   -8.82
  39.5   116.0   -30.55   -8.00   -7.73
  39.4   116.3   -34.70   -9.31   -8.76
  39.1   115.8   -29.06   -7.89   -7.03
  38.7   116.1   -32.42   -8.01   -9.03
  39.9   116.6   -25.05   -8.37   -4.66
  39.5   116.7   -34.26   -9.40   -8.69
  39.1   116.4   -30.84   -9.49   -6.61
  38.9   116.5   -28.14  -10.39   -4.25
  40.0   117.1   -31.68   -9.51   -7.30
  39.4   117.1   -29.66   -6.81   -9.27
  38.7   116.9   -30.89   -8.51   -8.17
  38.7   117.1   -29.42   -8.69   -7.28
  39.6   117.5   -31.99   -9.14   -8.26
  41.3   117.9   -30.53   -8.42   -7.97
  41.0   117.9   -30.81   -8.56   -8.07
  40.7   118.1   -30.20   -8.52   -8.00
  40.6   117.7   -30.34   -8.44   -7.92
  40.3   118.0   -30.81   -8.25   -8.67
  41.0   118.6   -30.43   -8.38   -8.48
  40.6   118.5   -30.72   -8.93   -8.14
  40.4   118.3   -30.72   -8.63   -8.38
  40.1   118.3   -27.52   -7.92   -7.41
  41.0   119.2   -29.57   -8.07   -8.68
  40.0   118.7   -29.64   -8.94   -7.81
  40.8   119.8   -29.79   -8.68   -8.62
  40.5   119.4   -29.49   -8.70   -8.27
  40.3   119.2   -29.22   -9.50   -7.23
  40.4   119.7   -30.05   -8.54   -8.97
  40.3   120.3   -30.27   -9.31   -8.73
  40.0   119.7   -29.68   -8.81   -8.61
  40.0   117.7   -31.19   -9.29   -7.67
  39.3   117.5   -32.68   -5.16  -13.05
  39.3   117.7   -32.48  -10.04   -7.79
  39.6   118.2   -34.43   -7.36  -12.03
  39.0   118.3   -32.63   -8.28  -10.31
  39.7   118.7   -31.77   -8.59   -9.50
  39.3   118.5   -31.69   -8.01  -10.07
  39.9   119.3   -33.76   -9.68   -9.86
  39.9   119.0   -30.39   -8.66   -8.76
  40.3   116.2   -29.64   -5.61   -9.69
  40.3   116.1   -31.98   -8.00   -8.32
  40.2   116.2   -30.72   -8.07   -7.68
  40.3   116.1   -31.00   -8.73   -7.04
  39.8   116.3   -34.32   -7.65  -10.22
  39.8   116.2   -35.57   -7.88  -10.55
  39.8   116.1   -32.52   -8.53   -8.17
  39.8   116.0   -32.40   -8.58   -7.99
  39.2   116.9   -33.89   -8.02  -10.24
  39.4   113.9   -32.40   -7.48   -7.86
  39.8   117.4   -31.85   -8.21   -9.04
  40.7   112.8   -30.97   -5.97   -7.75
  40.4   113.0   -31.17   -6.12   -7.88
  40.4   113.0   -31.77   -7.07   -7.14
  41.6   113.5   -30.35   -6.19   -7.43
  41.1   113.5   -30.32   -6.11   -7.63
  40.6   113.7   -31.01   -6.27   -8.04
  41.0   114.3   -30.93   -7.05   -7.44
  41.3   114.5   -30.69   -6.86   -7.57
  40.7   114.6   -30.71   -6.16   -8.54
  41.0   114.8   -28.96   -2.84  -11.20
  40.7   115.0   -31.12   -7.01   -8.10
  41.5   115.1   -30.59   -6.97   -7.72
  40.5   115.2   -30.21   -7.75   -7.05
  40.9   115.6   -30.40   -7.22   -7.84
  40.6   115.7   -31.14   -6.97   -8.63
  40.9   116.4   -30.34   -7.51   -8.00
  40.6   116.9   -30.73   -7.54   -8.56
  40.8   117.0   -31.27   -8.54   -7.83
  40.7   117.4   -31.12   -8.26   -8.32
  40.8   117.7   -31.40   -8.70   -8.18
  40.5   118.1   -30.09   -8.38   -8.13
  41.0   118.3   -31.00   -8.73   -8.25
  41.4   118.5   -29.83   -8.27   -8.10
  40.3   118.5   -30.32   -8.69   -8.24
  40.1   118.9   -29.66   -8.26   -8.63
  40.2   120.0   -29.98   -8.99   -8.73
  40.6   120.2   -30.24   -8.84   -9.03
  40.5   116.1   -31.61   -7.15   -8.96
  40.5   115.6   -30.60   -7.68   -7.57
  40.4   116.3   -31.22   -7.29   -8.77
  40.3   113.5   -31.28   -7.16   -7.16
  40.3   114.1   -30.93   -6.97   -7.58
  40.2   116.8   -30.72   -8.10   -8.03
  40.2   116.5   -30.00   -7.14   -8.48
  40.2   115.6   -31.10   -7.41   -8.19
  40.1   116.0   -31.18   -8.46   -7.40
  40.1   118.0   -29.14   -8.46   -7.58
  40.0   114.6   -31.97   -6.79   -8.70
  40.1   113.4   -31.25   -6.82   -7.50
  40.1   116.4   -28.91   -6.89   -8.13
  39.9   118.4   -29.80   -8.79   -7.90
  39.9   113.4   -32.56   -5.73   -9.37
  39.9   114.9   -30.92   -7.40   -7.74
  39.9   117.5   -31.67   -8.97   -8.17
  39.8   113.9   -32.03   -6.73   -8.39
  39.9   117.9   -30.40   -8.59   -8.13
  39.8   115.7   -31.63   -8.31   -7.68
  39.8   115.9   -34.69   -8.61   -9.09
  39.8   113.5   -32.00   -6.88   -7.95
  39.7   116.6   -31.39   -9.02   -7.42
  39.7   115.9   -32.65   -8.42   -8.25
  39.7   116.7   -31.34   -7.61   -8.97
  39.6   113.8   -32.12   -7.43   -7.65
  39.5   114.4   -29.50   -7.65   -6.53
  39.6   119.1   -32.87   -9.25   -9.75
  39.6   117.2   -30.12   -8.78   -7.40
  39.6   116.5   -31.71   -8.29   -8.33
  39.5   117.2   -32.69   -6.94  -10.84
  39.4   114.9   -31.71   -7.42   -8.26
  39.5   117.9   -30.84   -8.10   -9.02
  39.5   117.1   -31.20  -10.77   -5.81
  39.5   117.7   -31.55   -8.13   -9.26
  39.4   113.0   -31.31   -7.13   -7.10
  39.4   115.7   -31.57   -8.22   -7.85
  39.4   119.1   -32.31   -8.62  -10.16
  39.3   116.9   -31.03   -9.85   -6.63
  39.3   113.4   -32.22   -6.94   -8.05
  39.3   116.1   -33.74   -8.03   -9.52
  39.3   117.3   -32.57   -8.74   -8.96
  39.3   112.2   -31.84   -6.52   -7.52
  39.2   115.1   -31.93   -8.01   -7.91
  39.2   117.6   -32.17   -9.89   -7.73
  39.2   115.5   -32.62   -8.04   -8.52
  39.1   114.2   -31.86   -6.77   -8.67
  39.0   117.5   -29.40   -7.45   -8.81
  38.9   116.1   -30.84   -8.41   -7.66
  38.8   117.3   -30.16  -10.13   -6.22
  38.7   113.0   -33.07   -6.86   -8.45
  38.7   115.2   -32.53   -8.24   -8.19
  38.6   117.5   -33.14   -8.32  -10.13
  38.6   116.4   -30.59   -6.63   -9.81
  38.5   113.7   -31.92   -7.02   -8.26
  38.5   117.0   -31.52   -8.52   -8.66
  38.4   115.7   -33.79   -9.06   -8.40
  40.2   114.1   -32.08   -6.85   -8.30
  40.4   115.1   -31.84   -7.33   -8.27
  40.1   116.6   -27.81   -8.57   -5.89
  38.7   116.6   -30.98   -7.88   -8.73
  40.8   119.1   -30.41   -8.81   -8.41
  39.1   117.6   -31.35   -8.79   -8.50
  39.5   118.6   -30.78   -7.81   -9.76
  41.2   114.7   -30.69   -6.77   -7.82
  37.9   120.7   -31.52  -11.35   -8.34
  37.8   120.8   -31.62  -11.19   -8.69
  37.6   120.5   -29.66   -8.95   -9.74
  37.5   121.3   -32.02  -11.74   -8.81
  37.2   122.4   -32.20  -12.13   -9.45
  36.8   121.2   -32.53  -11.59   -9.49
  37.0   120.7   -31.54  -11.05   -8.98
  33.2   120.5   -32.47  -11.16  -10.73
  31.7   119.9   -32.31  -13.46   -7.45
  31.7   120.8   -31.83  -11.92  -10.07
  31.2   120.6   -31.47  -12.44   -9.04
  30.8   120.2   -32.64  -12.61   -9.54
  30.7   122.4   -30.69  -12.77   -9.80
  37.6   118.8   -31.70   -9.53   -9.20
  37.2   118.1   -32.45  -10.54   -8.11
  36.9   118.7   -32.14  -11.72   -7.09
  37.2   120.0   -32.74  -11.96   -8.14
  36.8   119.9   -31.29  -10.62   -8.76
  36.5   118.6   -31.31  -10.16   -8.42
  36.8   118.1   -32.00  -10.17   -8.38
  36.2   118.2   -31.84  -10.71   -7.88
  36.4   119.8   -32.44  -11.02   -9.12
  36.0   119.5   -31.84  -11.04   -8.57
  35.8   119.2   -33.48   -9.82  -11.00
  35.5   118.4   -31.51   -9.71   -9.26
  35.9   117.8   -31.39   -9.30   -9.09
  35.8   118.6   -31.14   -9.98   -8.75
  35.6   118.9   -32.41   -9.92   -9.98
  35.5   119.5   -32.70  -10.98   -9.41
  35.1   118.2   -31.62   -9.93   -9.04
  35.1   118.9   -31.59  -10.03   -9.46
  34.6   119.3   -32.11  -11.07   -9.03
  34.5   118.6   -33.18  -10.35  -10.13
  34.9   118.0   -31.87  -10.00   -9.02
  34.6   117.7   -30.32   -7.82  -10.62
  35.1   117.1   -32.20   -8.16  -10.77
  34.3   117.2   -32.86   -9.88   -9.38
  33.9   117.9   -33.47  -11.65   -8.23
  34.0   118.3   -32.67  -10.40   -9.62
  34.1   119.2   -31.25  -10.37   -9.39
  34.0   119.8   -32.91  -12.79   -8.04
  33.5   120.0   -32.56  -11.04  -10.39
  33.5   119.0   -32.30  -11.25   -9.04
  33.8   118.7   -32.25  -11.18   -8.73
  33.5   118.2   -32.38   -9.73  -10.41
  33.5   117.9   -32.55  -11.04   -8.51
  33.6   117.6   -32.84  -10.60   -9.00
  33.6   117.0   -34.35  -10.26   -9.95
  33.2   119.4   -31.83  -10.53  -10.11
  32.7   119.0   -31.79  -11.07   -9.18
  33.0   118.5   -31.23  -10.07   -9.57
  32.6   117.7   -32.59  -10.64   -9.22
  32.7   116.7   -30.88  -10.16   -7.73
  32.5   117.1   -32.30  -10.19   -9.11
  32.3   118.3   -32.13  -10.88   -9.21
  32.4   119.5   -32.33  -12.92   -7.63
  31.7   118.3   -32.44  -11.51   -8.76
  31.7   117.8   -31.65  -10.27   -9.45
  31.9   117.4   -31.59   -9.65   -9.85
  31.1   118.2   -32.86  -11.71   -8.91
  31.4   119.5   -32.57  -11.54  -10.09
  34.8   118.7   -32.12  -10.52   -9.16
  34.8   118.5   -31.63  -10.42   -8.77
  36.1   116.6   -28.91   -5.36  -11.40
  38.0   116.6   -30.98   -7.77   -9.08
  34.2   116.7   -31.75   -9.25   -9.07
  32.1   116.8   -32.77  -10.02   -9.56
  34.8   116.8   -32.83  -11.05   -7.34
  31.5   116.9   -32.54  -10.40   -9.16
  35.8   117.0   -31.45   -9.18   -8.68
  36.7   117.1   -33.04   -9.34   -9.25
  37.3   117.2   -33.19   -7.98  -10.82
  37.8   117.4   -32.70   -9.07   -9.23
  33.1   117.5   -32.43  -10.27   -9.24
  34.9   117.5   -32.28  -10.19   -8.65
  33.9   117.5   -32.02  -10.14   -8.86
  36.9   117.6   -31.96   -9.74   -8.44
  36.4   117.6   -31.98   -9.20   -9.26
  35.2   117.7   -31.57  -10.12   -8.33
  38.1   117.8   -33.26   -8.49  -10.41
  34.2   117.8   -32.60  -10.42   -9.05
  35.5   118.0   -32.97  -10.11   -9.41
  35.8   118.2   -31.93   -9.84   -9.12
  37.5   118.3   -33.39   -9.49   -9.95
  37.9   118.4   -31.39   -9.63   -8.51
  36.0   118.5   -32.53   -9.95   -9.55
  38.4   120.9   -31.05  -10.77   -8.67
  38.2   120.8   -31.72  -11.16   -8.67
  37.6   122.1   -31.29  -11.98   -8.62
  37.4   122.7   -31.97  -12.07   -9.52
  37.3   120.8   -31.72  -10.78   -9.38
  37.1   121.3   -32.44  -11.93   -9.02
  37.2   121.8   -31.34  -11.28   -9.35
  37.1   119.4   -30.99   -7.50  -11.69
  37.1   119.7   -30.14   -9.64   -8.89
  36.9   119.1   -32.36  -10.36   -9.12
  36.9   120.3   -30.69  -10.41   -8.87
  36.9   121.7   -31.70  -11.40   -9.49
  36.7   120.8   -32.13  -10.71   -9.95
  36.7   119.5   -28.33   -6.84  -10.94
  36.5   120.1   -32.20  -11.18   -8.97
  36.4   120.9   -32.22  -11.50   -9.28
  36.4   118.8   -31.57   -9.80   -9.20
  36.3   119.3   -31.69  -10.83   -8.48
  36.1   118.9   -32.39  -10.46   -9.13
  35.9   120.0   -32.62  -11.12   -9.45
  35.4   119.1   -31.82  -10.12   -9.56
  35.3   118.6   -31.86   -9.92   -9.47
  35.1   119.4   -32.04  -10.79   -9.23
  35.0   118.6   -31.81  -10.11   -9.30
  34.8   118.2   -32.02  -10.29   -8.96
  34.7   118.8   -32.07  -10.56   -9.18
  34.4   119.1   -31.75  -10.21   -9.76
  34.3   118.4   -32.28  -10.47   -9.24
  34.3   120.1   -32.30  -12.14   -8.59
  33.9   120.4   -32.76  -12.53   -8.84
  33.8   118.1   -33.11  -10.85   -9.25
  33.8   119.5   -32.45  -11.26   -9.47
  33.5   120.5   -31.49  -12.18   -8.54
  33.4   118.7   -32.39  -11.04   -9.15
  32.8   117.9   -32.15  -10.30   -9.47
  32.8   120.8   -31.23  -11.40   -9.88
  32.7   119.8   -32.59  -11.06  -10.54
  32.6   118.5   -31.16   -9.59  -10.33
  32.2   117.8   -31.89  -10.21   -9.54
  32.1   121.6   -31.39  -11.85  -10.39
  32.1   118.8   -31.99  -11.20   -9.18
  32.1   119.4   -32.48  -11.88   -9.19
  31.7   121.4   -31.84  -12.54   -9.80
  31.7   120.4   -32.47  -12.14   -9.91
  31.4   117.4   -32.33  -10.24   -9.75
  31.3   121.2   -32.77  -13.18   -9.65
  31.3   118.8   -32.04  -11.29   -9.38
  31.0   120.5   -31.67  -12.03   -9.78
  30.9   121.9   -32.88  -13.29  -10.45
  31.0   117.3   -32.21  -10.55   -9.25
  30.9   117.9   -31.41  -10.33   -9.59
  30.9   119.5   -31.45  -11.05  -10.08
  30.9   121.3   -31.94  -13.19   -9.16
  30.4   120.8   -30.90  -11.45  -10.48
  30.3   122.2   -33.01  -14.17   -9.87
  30.2   121.2   -31.35  -12.50   -9.81
  31.7   121.8   -31.08  -12.54   -9.53
  36.7   119.0   -31.74   -8.38  -11.03
  35.5   117.6   -31.74   -9.27   -9.33
  34.7   118.4   -32.03  -10.07   -9.45
  34.2   118.9   -31.74  -10.74   -8.97
  38.3   116.8   -34.61   -9.84   -8.85
  38.4   115.3   -32.09  -10.56   -5.47
  38.0   117.2   -31.25   -8.19   -9.17
  38.3   114.6   -32.36   -8.09   -7.96
  38.2   116.1   -34.67   -9.28   -9.01
  37.7   116.8   -30.69   -5.44  -11.83
  37.7   116.3   -30.18   -7.34   -9.00
  37.6   114.9   -29.70   -9.91   -4.78
  37.9   114.4   -31.91   -8.07   -7.70
  38.3   113.9   -32.04   -7.81   -7.60
  38.2   114.2   -36.02   -9.62   -7.82
  37.8   113.6   -31.93   -7.10   -8.31
  37.6   117.6   -31.52   -8.79   -9.07
  36.9   116.0   -30.57  -10.01   -6.09
  37.1   115.6   -35.76   -8.70  -10.28
  37.3   115.4   -33.38   -8.65   -8.75
  37.4   114.8   -32.29   -7.67   -8.82
  36.9   116.6   -33.56   -8.67   -9.91
  36.3   116.2   -28.13   -6.44   -9.27
  36.4   114.7   -33.02   -9.37   -7.39
  36.7   114.2   -33.15   -7.57   -9.19
  35.8   116.1   -31.25   -8.30   -8.96
  36.1   115.8   -30.39  -10.14   -5.85
  35.6   114.5   -32.17   -7.56   -9.26
  35.5   113.8   -32.48   -7.32   -9.21
  36.0   113.8   -32.27   -8.00   -8.08
  36.2   113.4   -32.51   -7.69   -8.22
  35.3   115.4   -30.72   -7.72   -9.00
  35.3   115.1   -32.81   -8.27   -9.31
  35.2   114.2   -33.13   -7.51   -9.77
  35.3   113.2   -32.42   -7.79   -8.15
  34.4   115.6   -31.77   -8.83   -8.66
  34.8   114.4   -33.92   -7.63  -10.40
  34.1   112.0   -32.71   -7.04   -8.69
  33.0   114.3   -32.44   -8.89   -8.34
  33.5   112.4   -30.78   -7.17   -7.96
  32.9   115.8   -31.82   -8.65   -9.62
  32.8   113.3   -33.17   -9.17   -7.54
  33.3   111.5   -30.07   -4.69  -10.38
  31.7   115.9   -31.76   -8.82   -9.88
  32.1   114.1   -31.89   -7.67   -9.85
  32.5   112.4   -33.41   -7.08   -9.97
  31.3   114.6   -34.20  -10.23   -8.39
  31.7   113.3   -33.76   -8.84   -8.74
  37.8   115.5   -34.27   -9.32   -8.39
  37.9   115.2   -33.08   -8.79   -8.09
  38.2   114.9   -33.04   -8.50   -8.10
  37.7   112.6   -33.15   -7.38   -7.88
  37.6   112.7   -34.56   -8.05   -7.88
  36.4   112.8   -32.96   -7.74   -7.86
  37.8   112.9   -32.71   -6.88   -8.45
  36.1   113.2   -32.28   -7.29   -8.47
  36.6   113.4   -31.94   -7.32   -8.25
  38.1   113.8   -31.95   -6.92   -8.58
  37.0   113.9   -33.03   -8.41   -7.77
  37.7   113.9   -31.35   -7.49   -7.78
  36.2   114.1   -31.14   -6.07  -10.02
  32.6   114.1   -32.25   -8.31   -8.98
  37.5   114.2   -31.83   -7.55   -8.24
  33.6   114.5   -33.02   -8.82   -8.78
  36.8   114.5   -33.92   -7.71   -9.65
  36.2   114.6   -33.07   -8.50   -8.47
  34.3   114.7   -32.29   -8.92   -8.14
  35.2   114.6   -31.58   -8.06   -8.47
  32.0   114.9   -34.30   -9.97   -8.90
  38.1   115.0   -32.93   -8.31   -8.35
  33.0   115.1   -31.67   -9.06   -8.31
  32.5   115.1   -32.28   -8.81   -9.23
  34.8   115.1   -31.14   -7.69   -9.22
  33.6   115.2   -31.54   -9.07   -8.10
  35.7   115.6   -31.00   -7.88   -8.98
  38.0   115.7   -30.63   -8.79   -7.07
  36.7   115.8   -30.36   -7.35   -9.07
  37.3   116.0   -32.99  -10.97   -6.25
  32.3   116.1   -31.91   -9.61   -8.81
  33.9   116.1   -34.02  -10.21   -8.87
  34.6   116.3   -32.77  -10.89   -7.13
  31.6   116.4   -32.78   -9.67   -9.88
  38.3   116.4   -32.86   -8.59   -8.96
  33.3   116.5   -32.06   -9.52   -9.05
  35.8   115.0   -31.78   -7.59   -9.31
  38.5   116.1   -33.10   -8.28   -9.16
  38.0   115.0   -32.88   -8.02   -8.69
  37.7   115.7   -31.64   -8.12   -8.50
  37.1   114.5   -32.82   -8.28   -8.25
  35.4   116.5   -31.88   -9.48   -8.30
  36.1   114.3   -32.05   -6.45  -10.25
  35.5   112.8   -30.85   -5.96   -9.29
  38.4   117.4   -35.39  -10.99   -8.44
  41.3   110.9   -30.16   -5.74   -6.33
  41.1   111.4   -30.44   -5.60   -6.94
  41.0   110.1   -30.46   -5.60   -6.19
  40.7   111.2   -30.62   -4.74   -7.93
  40.6   110.5   -31.70   -6.43   -6.12
  40.6   110.0   -29.78   -5.25   -6.32
  40.4   111.8   -31.16   -5.97   -7.28
  40.3   111.2   -31.60   -6.01   -7.06
  39.8   110.8   -31.41   -5.54   -7.37
  39.6   112.3   -30.96   -5.89   -7.82
  39.4   111.5   -32.25   -6.69   -7.02
  38.3   113.3   -32.07   -6.52   -8.69
  37.9   113.2   -33.11   -7.36   -8.27
  38.0   112.6   -32.94   -6.96   -8.19
  37.5   112.8   -33.66   -7.32   -8.41
  37.2   112.5   -32.08   -7.37   -7.41
  37.5   112.1   -34.02   -6.25   -9.35
  36.8   112.8   -32.65   -7.27   -8.18
  36.9   111.8   -33.25   -7.09   -7.90
  36.6   112.4   -32.60   -7.08   -8.13
  36.2   112.2   -32.72   -7.14   -8.09
  36.3   111.8   -33.61   -6.31   -9.24
  36.1   111.5   -34.15   -5.98   -9.76
  36.1   110.7   -36.09   -5.64  -10.48
  35.7   112.2   -33.02   -7.24   -8.26
  35.5   111.3   -33.21   -6.93   -8.09
  35.6   110.7   -32.31   -6.67   -7.47
  35.3   111.7   -32.42   -6.99   -7.98
  35.0   111.0   -33.10   -8.63   -5.66
  35.3   110.2   -34.10   -6.60   -8.11
  34.8   111.2   -33.58   -6.46   -9.05
  34.8   110.4   -32.03   -6.50   -7.53
  34.1   111.1   -32.57   -6.75   -8.25
  41.8   110.0   -32.50   -6.69   -5.59
  41.4   107.0   -30.79   -4.61   -5.40
  41.2   109.8   -30.58   -4.77   -6.89
  41.0   109.1   -30.92   -6.13   -5.16
  41.1   108.3   -31.86   -5.55   -5.62
  40.9   107.2   -31.77   -4.61   -5.95
  40.6   109.5   -29.62   -4.18   -7.13
  40.9   108.6   -31.47   -6.32   -4.86
  40.8   107.9   -30.07   -4.55   -5.88
  40.3   109.9   -30.42   -5.99   -5.77
  40.3   107.0   -30.52   -1.85   -8.63
  39.8   110.0   -32.50   -7.36   -5.24
  39.9   108.7   -32.51   -6.50   -5.30
  39.4   109.8   -31.95   -5.83   -6.70
  39.1   108.0   -32.87   -5.87   -5.84
  38.3   109.8   -32.77   -5.97   -7.16
  38.5   107.2   -33.34   -5.18   -6.38
  36.7   109.4   -33.49   -6.63   -6.75
  36.8   107.2   -33.78   -4.99   -7.20
  35.6   109.8   -33.22   -6.52   -7.38
  35.3   107.4   -33.72   -5.04   -7.68
  35.0   109.0   -35.36   -6.86   -7.42
  35.0   109.6   -32.66   -6.04   -7.75
  34.8   110.0   -32.94   -6.35   -7.86
  34.5   109.7   -33.94   -6.58   -7.87
  34.6   108.9   -33.78   -6.02   -7.84
  34.5   108.2   -34.24   -6.11   -7.35
  34.5   107.4   -34.28   -5.16   -7.99
  34.3   110.0   -32.86   -6.24   -8.11
  34.3   108.2   -34.87   -5.08   -9.13
  33.9   109.9   -34.15   -7.19   -7.47
  34.1   108.9   -33.01   -6.38   -7.13
  34.1   108.2   -36.29   -6.12   -8.39
  34.1   107.6   -35.76   -6.33   -7.29
  34.1   107.3   -35.46   -5.57   -7.96
  39.9   106.8   -30.51   -4.15   -6.00
  39.5   106.7   -33.03   -5.21   -5.66
  39.0   106.1   -31.44   -4.78   -5.29
  39.1   106.5   -33.38   -5.42   -5.47
  38.8   106.7   -32.75   -4.87   -6.10
  38.7   106.2   -31.64   -4.59   -5.72
  38.5   106.6   -32.62   -4.82   -6.12
  38.4   105.7   -32.67   -5.84   -4.27
  37.8   106.4   -34.07   -5.13   -6.26
  37.5   113.0   -32.64   -7.61   -7.71
  40.0   110.9   -31.54   -6.02   -6.91
  40.1   111.1   -30.82   -6.47   -6.20
  40.4   111.3   -32.65   -7.59   -5.82
  40.6   111.5   -31.40   -5.98   -7.13
  40.8   111.6   -30.98   -4.22   -8.86
  41.1   111.8   -30.54   -5.81   -7.01
  41.9   108.9   -31.26   -4.79   -6.42
  41.4   107.6   -30.91   -3.99   -6.48
  41.8   107.9   -31.44   -5.24   -5.42
  41.2   108.7   -30.06   -5.14   -5.64
  41.5   109.2   -30.93   -5.25   -6.09
  40.9   109.5   -30.16   -5.41   -5.93
  40.5   109.7   -31.87   -6.74   -5.34
  40.8   110.2   -30.04   -5.58   -6.15
  40.4   110.2   -31.91   -6.53   -5.94
  41.3   110.3   -31.49   -6.22   -5.99
  40.9   110.8   -31.98   -6.65   -6.13
  40.4   110.9   -30.45   -6.45   -5.88
  40.2   111.5   -30.04   -6.16   -6.44
  40.7   112.0   -30.02   -6.00   -6.80
  40.4   112.0   -31.13   -6.12   -7.23
  41.9   112.5   -30.63   -5.45   -7.64
  39.9   111.8   -31.53   -6.22   -7.30
  39.6   112.7   -32.10   -6.55   -7.87
  38.9   112.6   -32.36   -7.08   -7.52
  38.6   112.5   -32.43   -6.52   -8.21
  38.2   112.5   -32.81   -6.74   -8.25
  37.8   112.2   -31.05   -6.02   -8.15
  37.7   111.7   -31.49   -7.19   -6.63
  37.4   111.7   -33.16   -6.90   -7.87
  37.1   111.4   -33.48   -6.94   -7.82
  35.1   110.2   -34.28   -6.59   -8.27
  34.0   110.5   -32.90   -6.91   -7.72
  34.5   110.8   -32.39   -4.95  -10.24
  35.2   110.7   -33.14   -6.43   -8.32
  35.5   111.0   -33.10   -6.97   -7.74
  35.9   111.0   -33.69   -6.76   -8.19
  35.3   111.2   -33.39   -7.47   -7.45
  36.2   111.4   -34.14   -7.14   -8.16
  35.9   111.4   -33.94   -6.89   -8.47
  37.0   111.2   -32.95   -7.03   -7.33
  36.4   111.5   -33.34   -6.66   -8.39
  35.8   111.7   -32.93   -7.23   -7.79
  34.8   111.8   -32.86   -7.14   -8.26
  36.6   111.7   -30.40   -6.16   -7.66
  36.1   111.7   -32.64   -6.69   -8.25
  35.9   112.1   -32.94   -7.19   -8.14
  37.3   112.1   -33.67   -7.62   -7.57
  37.5   112.5   -32.85   -6.75   -8.47
  33.9   112.5   -32.14   -7.64   -8.03
  40.6   108.6   -32.05   -4.84   -6.77
  40.6   106.5   -31.97   -4.65   -5.59
  40.6   107.3   -31.76   -3.64   -7.16
  40.3   105.8   -31.47   -4.64   -5.03
  40.5   109.3   -32.31   -5.32   -6.81
  40.0   110.6   -30.78   -5.92   -6.50
  40.8   105.1   -31.22   -3.36   -5.85
  39.9   112.2   -32.13   -6.53   -7.48
  39.8   107.6   -32.37   -4.83   -6.42
  39.6   112.9   -32.01   -6.85   -7.63
  39.4   105.8   -32.33   -4.94   -5.13
  39.2   106.9   -31.71   -4.09   -6.71
  39.1   110.9   -32.35   -6.51   -6.92
  38.9   106.4   -32.29   -5.67   -4.76
  38.8   105.4   -32.51   -5.03   -4.91
  38.6   112.0   -32.71   -6.63   -7.85
  38.5   108.8   -33.03   -6.01   -6.44
  38.2   106.6   -32.52   -5.08   -5.83
  37.6   108.8   -33.93   -5.95   -7.10
  37.5   110.3   -33.39   -6.32   -7.59
  37.0   111.0   -33.00   -6.91   -7.35
  36.8   108.2   -34.51   -5.15   -8.09
  36.6   111.4   -33.57   -6.87   -8.10
  35.7   109.0   -33.03   -6.11   -7.16
  35.4   109.2   -34.86   -6.59   -7.60
  34.8   108.3   -33.53   -5.75   -7.52
  34.7   108.5   -33.79   -5.75   -7.84
  34.6   109.4   -32.26   -6.11   -7.41
  34.6   108.6   -33.88   -6.19   -7.40
  34.4   108.7   -33.48   -6.36   -7.11
  34.3   108.7   -34.61   -5.70   -8.60
  34.3   107.7   -34.16   -5.40   -7.93
  34.2   109.4   -33.18   -5.57   -8.73
  41.3   107.8   -30.89   -4.32   -6.26
  41.3   107.5   -29.59   -2.79   -7.29
  36.1   107.8   -32.06   -5.01   -7.12
  39.2   106.3   -31.26   -4.29   -5.92
  38.4   106.2   -32.32   -5.05   -5.47
  37.5   106.7   -32.75   -4.57   -6.78
  37.9   113.2   -30.38   -6.76   -7.60
  48.3   134.3   -27.42   -7.18  -12.64
  46.8   134.0   -30.74   -7.09  -15.42
  51.7   126.7   -26.01   -6.27   -8.45
  49.3   129.6   -27.24   -7.92   -9.84
  47.8   128.9   -28.24   -8.48  -10.25
  48.5   126.1   -28.56   -8.31   -9.10
  43.7   127.4   -35.59   -9.81  -14.64
  42.4   128.1   -36.66  -15.16  -11.89
  41.7   126.0   -34.37  -14.63   -9.58
  53.5   122.3   -27.01   -6.32   -6.86
  50.8   121.5   -27.49   -5.17   -8.27
  48.8   121.9   -29.48   -5.58   -9.65
  44.6   120.9   -34.10   -7.80  -11.14
  42.1   122.9   -31.59  -10.74   -9.20
  41.7   122.1   -30.70   -9.93   -9.06
  41.8   120.8   -30.57   -9.59   -8.48
  41.1   121.2   -31.09   -9.56   -9.27
  41.1   122.9   -31.08  -10.69   -9.25
  41.8   123.5   -31.17   -9.96  -10.14
  41.5   122.7   -31.10  -10.48   -9.21
  41.9   124.0   -34.74  -11.30  -11.40
  42.1   124.9   -33.37  -12.34  -10.11
  40.2   124.5   -32.65  -12.00  -10.37
  40.5   124.0   -30.92  -10.66  -10.10
  40.2   123.3   -31.74  -12.32   -8.63
  40.2   122.2   -30.28  -10.04   -9.24
  40.6   120.7   -31.00   -9.26   -9.37
  39.6   122.0   -31.27  -10.57   -9.40
  39.8   122.9   -31.27  -11.45   -9.04
  39.1   123.2   -32.06  -12.02   -9.42
  39.4   121.5   -29.78   -9.86   -8.91
  38.8   121.2   -30.33   -9.82   -9.30
  49.6   117.4   -28.94   -4.35   -8.20
  48.7   116.8   -28.87   -4.36   -8.17
  48.0   118.3   -29.55   -5.46   -8.44
  47.2   119.9   -29.58   -5.93   -9.05
  45.5   116.9   -30.53   -6.11   -8.39
  41.9   115.3   -31.11   -6.25   -8.70
  42.3   119.0   -32.37   -7.08  -10.62
  41.2   119.4   -30.14   -8.47   -8.66
  43.7   112.0   -31.20   -4.27   -8.27
  40.8   122.4   -30.60   -9.98   -9.43
  40.9   122.2   -30.40  -10.92   -8.22
  41.1   122.0   -32.94  -10.77   -9.73
  41.2   122.3   -29.91  -10.48   -8.33
  41.3   121.6   -30.68   -9.23   -9.54
  42.4   124.4   -30.59   -9.79  -10.26
  42.4   122.0   -31.33  -10.13   -8.96
  42.4   122.6   -28.68  -10.43   -7.48
  42.2   123.8   -30.47  -10.29   -9.44
  42.2   123.3   -31.45  -10.44   -9.60
  42.1   126.9   -33.49  -13.17  -10.79
  41.9   122.4   -31.16  -10.52   -8.90
  41.9   123.0   -31.85   -9.77  -10.39
  41.6   122.5   -30.22   -9.21   -9.73
  41.6   121.4   -30.51   -9.88   -8.59
  41.5   123.3   -29.25   -9.75   -9.13
  41.5   128.1   -35.17  -14.67  -11.67
  41.4   125.1   -31.78  -11.86   -9.91
  41.2   123.6   -30.68  -10.33   -9.75
  41.0   125.9   -32.36  -12.59  -10.28
  41.0   121.6   -31.57   -9.81   -9.61
  40.8   124.7   -35.41   -9.48  -14.52
  40.2   122.8   -30.62  -10.54   -9.34
  40.2   123.9   -31.11  -11.63   -9.31
  39.9   121.9   -30.77  -10.48   -9.01
  39.8   124.0   -31.55  -11.75   -9.68
  39.8   123.4   -31.44  -11.35   -9.60
  39.8   121.5   -30.73   -9.87   -9.37
  39.7   122.5   -30.51  -10.49   -9.29
  39.2   122.4   -31.11  -11.32   -8.92
  52.9   125.7   -26.17   -5.79   -8.13
  52.2   122.1   -27.02   -5.34   -7.77
  51.7   124.4   -26.88   -5.82   -8.34
  50.4   119.3   -27.67   -4.93   -7.80
  49.8   122.1   -29.77   -5.88   -9.31
  49.6   125.8   -27.56   -6.70   -9.25
  48.8   124.3   -28.54   -6.45   -9.57
  48.8   118.4   -28.33   -4.70   -8.33
  48.7   127.6   -27.57   -8.07   -9.32
  48.6   115.9   -28.75   -4.38   -7.76
  48.4   120.3   -29.24   -5.43   -9.09
  48.1   133.3   -26.58   -7.93  -11.33
  47.7   131.1   -28.85   -7.83  -12.04
  47.5   122.2   -28.93   -6.62   -9.15
  47.4   127.0   -29.29   -8.09  -10.43
  47.3   132.6   -28.94   -7.26  -13.31
  46.8   129.6   -29.99   -8.77  -11.77
  46.6   125.2   -29.47   -8.34   -9.78
  46.5   117.9   -30.13   -5.60   -8.85
  46.4   123.4   -29.40   -7.71   -9.45
  46.5   133.0   -30.25   -8.03  -14.17
  46.3   126.3   -30.14   -9.40   -9.97
  46.0   133.7   -31.64   -8.74  -15.17
  46.0   128.1   -29.76   -9.31  -10.82
  45.7   130.1   -31.90   -9.46  -13.16
  45.6   131.8   -33.03   -9.58  -14.73
  45.5   119.7   -30.14   -7.40   -8.53
  45.5   125.0   -30.48   -8.09  -10.83
  45.3   123.7   -30.27   -8.79   -9.55
  45.2   128.0   -31.28   -8.44  -12.69
  45.2   115.2   -30.00   -5.36   -8.04
  45.0   128.8   -32.07   -9.26  -13.05
  44.8   126.5   -31.42  -10.18  -10.75
  44.7   113.5   -30.16   -5.45   -7.27
  44.5   127.2   -31.80  -10.27  -11.41
  44.6   117.8   -30.51   -6.58   -8.70
  44.5   125.2   -30.29   -9.17  -10.32
  44.0   129.0   -33.97  -11.46  -13.09
  44.0   126.2   -31.52   -9.89  -11.19
  44.0   119.4   -30.82   -7.28   -9.27
  44.0   123.9   -31.02   -9.75   -9.71
  43.8   113.7   -30.37   -5.54   -7.62
  43.4   117.6   -31.15   -6.40   -9.44
  43.2   118.6   -30.08   -7.70   -8.31
  43.2   116.8   -31.32   -6.15   -9.38
  43.1   131.1   -32.51  -11.46  -13.79
  43.1   124.4   -31.61  -10.51  -10.00
  43.0   115.5   -31.31   -6.34   -8.50
  43.0   126.7   -32.68  -10.89  -11.77
  42.9   110.8   -31.22   -3.87   -8.22
  42.9   120.6   -30.67   -8.81   -8.83
  42.7   112.7   -30.94   -5.20   -7.92
  42.7   117.6   -30.17   -7.54   -8.09
  42.6   114.2   -31.23   -5.72   -8.43
  42.6   119.6   -29.48   -8.56   -7.92
  42.4   108.9   -31.43   -5.00   -6.15
  42.3   115.8   -31.08   -6.76   -8.37
  42.3   115.0   -30.77   -6.37   -8.13
  42.3   129.2   -36.02  -15.92  -11.65
  42.1   118.0   -30.46   -8.79   -7.43
  42.0   113.8   -30.22   -6.32   -7.31
  42.0   113.1   -30.53   -5.71   -7.65
  41.8   111.2   -30.27   -5.40   -6.80
  41.7   118.9   -30.06   -7.97   -8.67
  41.7   115.7   -30.82   -7.38   -7.72
  41.7   116.4   -30.30   -7.76   -7.51
  41.6   120.0   -29.77   -8.33   -8.83
  41.6   117.5   -30.52   -8.42   -7.64
  41.6   114.4   -30.06   -6.26   -7.75
  41.2   120.3   -30.45   -8.95   -8.91
  41.4   119.6   -33.55   -8.42  -10.69
  44.6   129.6   -33.91  -11.14  -13.39
  45.5   124.3   -34.51  -10.65  -10.63
  40.6   122.5   -31.23  -10.53   -9.41
  30.0   122.3   -32.77  -13.97  -10.16
  29.6   121.4   -33.90  -15.67   -7.83
  26.7   120.4   -31.01  -12.66   -9.82
  10.9   114.1   -27.75  -10.84   -8.38
  30.6   117.0   -31.65   -9.69   -9.97
  30.6   118.9   -33.67  -11.88  -10.20
  26.3   117.6   -31.72  -11.97   -8.60
  26.0   119.4   -30.31  -11.95   -9.50
  25.5   119.8   -30.67  -12.90   -8.83
  25.0   118.8   -31.87  -11.59  -11.49
  24.8   118.6   -31.05  -11.93   -9.86
  24.1   117.6   -32.13  -11.83  -10.21
  24.7   116.7   -32.32  -11.46   -9.67
  23.4   117.0   -31.05  -10.99  -10.32
  23.7   116.7   -29.54  -10.34   -9.57
  23.4   115.8   -29.14  -10.09   -8.70
  23.0   115.6   -32.10  -11.07   -9.55
  31.9   112.1   -33.22   -8.40   -7.83
  31.0   110.4   -32.62   -7.96   -6.78
  24.8   113.6   -32.17   -9.75   -8.89
  23.5   111.3   -31.99   -9.32   -7.13
  22.8   114.5   -31.27   -9.45  -10.79
  22.6   113.9   -32.36  -10.55   -8.73
  22.3   112.7   -32.19   -9.28   -9.82
  21.6   112.6   -32.17   -9.33   -9.88
  21.9   112.0   -32.20   -9.27   -9.03
  22.8   111.6   -32.76   -9.21   -8.71
  21.9   110.9   -31.93   -9.08   -7.64
  22.7   110.1   -31.85   -8.07   -8.43
  21.6   110.3   -31.96   -8.21   -8.96
  20.3   110.2   -30.87   -7.87   -9.29
  20.0   110.2   -30.78   -8.00   -9.04
  33.5   108.0   -34.08   -6.21   -7.23
  33.7   109.1   -33.83   -5.80   -8.62
  30.2   109.5   -32.83   -7.48   -7.00
  27.9   110.6   -32.82   -7.29   -9.23
  27.9   108.3   -32.86   -5.94   -9.14
  23.8   108.2   -32.74   -7.12   -8.22
  22.3   107.8   -36.18   -7.87   -9.10
  22.4   109.3   -30.08   -7.10   -8.26
  21.5   109.1   -31.61   -7.61   -8.43
  21.0   109.1   -31.67   -7.52   -8.91
  19.7   109.3   -31.29   -7.93   -8.45
  19.1   108.6   -32.20   -7.91   -8.50
  18.2   109.5   -29.42   -7.92   -7.66
  25.0   105.8   -33.62   -6.39   -6.81
  24.9   104.3   -32.82   -4.99   -7.40
  23.4   105.8   -35.61   -5.35  -10.88
  22.9   107.1   -35.06   -6.94   -9.10
  26.6   104.9   -34.23   -5.61   -7.07
  29.8   120.8   -32.13  -12.78   -9.84
  29.7   120.1   -32.25  -13.12   -8.74
  29.7   121.6   -32.64  -13.86   -9.57
  29.3   121.4   -32.48  -13.73   -9.56
  29.3   120.9   -31.81  -12.68  -10.01
  29.1   121.9   -31.53  -13.78   -9.22
  28.9   121.2   -31.80  -13.24   -9.61
  28.8   121.6   -32.10  -13.51   -9.97
  28.7   119.6   -33.28  -13.01   -9.67
  28.7   120.7   -32.62  -13.21   -9.96
  28.4   121.3   -32.26  -13.63   -9.77
  28.3   120.8   -32.52  -13.59   -9.55
  28.3   120.1   -33.15  -13.27   -9.86
  28.1   121.3   -32.08  -14.36   -8.54
  28.1   119.5   -32.75  -12.70   -9.81
  27.9   120.1   -31.11  -12.59   -9.19
  27.8   120.5   -31.99  -13.21   -9.52
  27.4   120.6   -30.24  -12.85   -8.67
  27.3   120.3   -30.76  -12.56   -9.37
  27.4   119.8   -31.04  -12.70   -8.82
  27.2   118.7   -31.89  -11.72  -10.12
  27.1   120.3   -30.48  -12.73   -8.90
  26.7   119.2   -31.80  -12.25   -9.91
  26.6   119.6   -30.76  -11.76  -10.24
  26.3   118.4   -32.20  -11.99   -9.98
  26.3   119.9   -31.32  -12.93   -9.24
  26.2   118.9   -30.14  -11.78   -8.98
  25.9   118.8   -30.08  -10.03  -12.09
  25.8   118.2   -31.66  -11.14  -10.98
  25.6   119.5   -30.40  -12.34   -9.17
  25.5   119.2   -31.42  -12.72   -9.21
  25.5   118.1   -31.97  -12.14   -9.45
  25.4   116.4   -32.89  -11.26   -9.90
  25.4   117.4   -32.76  -11.84   -9.96
  25.2   119.5   -30.71  -12.14  -10.02
  25.1   119.2   -30.98  -12.22   -9.83
  25.1   118.0   -32.66  -12.27   -9.95
  25.0   115.6   -32.95  -10.96   -9.69
  24.8   118.2   -32.25  -12.06  -10.34
  24.5   118.6   -31.50  -11.88  -10.56
  24.6   117.2   -31.15  -10.99  -10.10
  24.5   116.2   -30.79  -10.75   -9.03
  24.4   115.4   -31.19  -10.37   -9.20
  24.3   116.8   -31.21  -10.69  -10.41
  24.1   117.9   -32.27  -12.29   -9.84
  24.0   117.3   -33.66  -12.26  -10.58
  23.9   116.3   -29.83  -10.13   -9.70
  23.9   115.5   -30.25   -9.20  -11.03
  23.6   117.4   -33.11  -11.62  -11.64
  23.5   116.4   -32.29  -11.59   -9.54
  23.1   116.1   -31.55  -10.69  -10.43
  23.1   115.2   -32.20  -10.84   -9.54
  23.0   116.4   -30.87  -10.72  -10.11
  33.2   110.4   -33.47   -6.51   -8.75
  26.7   103.9   -35.20   -4.40   -8.64
  26.3   104.1   -34.80   -5.29   -7.11
  24.2   104.2   -31.28   -5.00   -6.66
  30.9   104.5   -33.94   -4.68   -6.91
  28.7   104.6   -33.07   -4.45   -7.67
  23.0   104.8   -31.93   -5.65   -6.73
  25.1   104.9   -34.39   -5.40   -8.08
  25.7   105.0   -31.78   -4.67   -8.05
  27.8   105.0   -33.93   -5.50   -6.90
  31.8   105.1   -34.18   -4.92   -6.96
  23.8   105.2   -33.13   -5.93   -7.09
  29.9   105.4   -33.74   -5.54   -6.58
  24.4   105.4   -32.98   -5.47   -8.03
  27.2   105.6   -35.00   -5.23   -8.83
  26.3   105.9   -35.19   -5.72   -8.70
  28.3   106.3   -34.73   -5.93   -7.84
  22.9   106.3   -32.28   -6.06   -8.07
  29.4   106.4   -32.99   -5.59   -7.31
  27.6   106.5   -33.05   -5.54   -8.10
  31.7   106.6   -33.14   -5.04   -7.78
  23.5   106.6   -36.67   -5.63  -12.07
  25.4   106.7   -34.24   -6.51   -7.94
  32.4   106.9   -33.27   -6.08   -6.33
  29.2   107.1   -32.94   -5.27   -8.61
  28.3   107.3   -32.28   -5.35   -8.65
  24.2   107.4   -32.36   -6.06   -9.03
  27.2   107.4   -31.56   -5.57   -8.33
  31.3   107.5   -32.84   -5.74   -7.52
  21.6   107.5   -33.02   -7.17   -8.24
  33.0   107.6   -35.20   -5.32   -8.84
  26.0   107.6   -33.50   -6.89   -7.65
  23.5   107.7   -32.68   -6.96   -7.97
  30.3   107.7   -33.32   -5.69   -8.34
  32.1   108.0   -33.12   -5.41   -8.37
  29.5   108.1   -32.44   -5.73   -8.47
  25.2   108.1   -33.55   -6.81   -8.74
  21.5   108.3   -32.12   -7.23   -8.59
  22.7   108.6   -32.39   -7.16   -8.87
  24.4   108.7   -31.32   -6.96   -7.96
  31.5   108.9   -32.47   -5.58   -8.81
  28.9   108.9   -30.27   -5.09   -9.33
  27.2   108.9   -33.95   -6.24  -10.23
  25.9   109.1   -31.63   -6.81   -8.41
  25.1   109.3   -32.37   -7.00   -9.09
  23.9   109.4   -31.06   -6.91   -8.94
  28.0   109.6   -34.71   -5.83  -11.87
  21.9   109.6   -32.34   -8.22   -8.13
  27.2   109.9   -32.40   -7.01   -8.96
  29.0   109.9   -33.34   -7.26   -8.45
  20.9   110.1   -31.54   -7.92   -9.33
  26.1   110.3   -31.92   -7.14   -9.26
  23.6   110.4   -31.75   -7.71   -9.16
  30.0   110.4   -33.60   -7.86   -7.81
  24.5   110.4   -32.44   -7.46   -9.82
  22.3   110.5   -33.21   -8.87   -8.51
  32.1   110.6   -33.35   -7.09   -8.39
  22.7   110.9   -32.79   -9.17   -7.87
  25.9   111.0   -31.58   -6.99  -10.21
  27.2   111.2   -32.65   -7.91   -8.95
  28.7   111.2   -33.28   -8.18   -8.35
  22.3   111.3   -32.96   -8.67   -9.90
  29.6   111.2   -33.14   -7.88   -8.45
  21.5   111.3   -32.74   -9.26   -8.71
  25.3   111.4   -33.31   -8.66   -9.01
  24.4   111.6   -33.96   -9.24   -8.99
  26.5   111.8   -31.14   -7.74   -9.11
  27.7   111.8   -30.71   -8.43   -7.13
  23.4   112.1   -32.50   -9.41   -8.50
  22.6   112.2   -33.56   -9.93   -8.77
  30.0   112.2   -33.03   -8.73   -7.90
  28.8   112.2   -33.01   -7.90   -9.68
  31.1   112.3   -33.83   -8.84   -8.00
  22.1   112.4   -31.86   -9.16   -9.46
  23.9   112.5   -31.37   -8.22  -10.33
  24.8   112.6   -33.08  -10.07   -7.75
  23.4   112.7   -33.93  -10.32   -8.65
  23.0   112.9   -31.36   -9.28   -9.00
  26.0   113.0   -34.14   -9.97   -8.86
  22.2   113.1   -32.22   -9.39  -10.21
  23.7   113.3   -32.39   -9.64   -9.40
  22.8   113.2   -31.42   -9.43   -9.22
  30.9   113.4   -33.58   -9.00   -8.76
  22.5   113.3   -31.15   -8.98  -10.23
  22.1   113.5   -32.29   -9.91   -9.74
  22.9   113.7   -31.76  -10.21   -8.49
  23.6   113.7   -32.39  -10.12   -8.97
  27.3   113.7   -34.60   -9.40  -10.58
  28.5   113.5   -32.31   -9.25   -8.40
  26.1   113.9   -32.95  -10.28   -8.40
  24.1   114.1   -31.82   -9.65   -9.73
  23.2   114.2   -30.48   -9.51   -9.30
  22.6   114.2   -32.72  -10.40   -9.84
  29.4   114.2   -33.23   -9.68   -8.79
  27.8   114.4   -33.61  -10.32   -8.83
  24.4   114.9   -32.08  -10.34   -9.46
  22.6   114.8   -31.41  -10.44   -9.29
  28.5   114.9   -32.45   -9.47   -9.64
  23.5   115.0   -32.36  -10.86   -9.20
  25.8   115.0   -33.77  -10.59  -10.00
  27.9   115.4   -32.58   -9.98   -9.67
  30.6   115.7   -32.87  -10.08   -9.02
  26.3   116.3   -33.01  -11.03   -9.93
  27.6   116.2   -32.48  -10.50   -9.72
  28.7   116.7   -31.97  -10.97   -8.64
  29.6   116.8   -33.34  -10.41  -10.39
  31.2   117.4   -32.85   -9.77  -10.91
  27.6   117.3   -32.18  -11.51   -8.97
  29.2   117.7   -33.01  -11.59   -9.38
  28.3   117.7   -31.84  -11.24   -9.31
  30.6   117.9   -31.65  -10.08  -10.24
  30.0   118.2   -32.05  -10.95   -9.80
  28.0   118.5   -31.68  -11.53   -9.69
  29.6   119.1   -32.30  -12.07   -9.37
  18.4   109.0   -31.00   -8.03   -8.02
  19.9   109.7   -31.48   -8.21   -8.42
  19.3   110.6   -29.71   -7.89   -9.25
  19.6   111.0   -29.56   -8.32   -8.41
  21.9   113.7   -32.60  -10.07  -10.08
  29.5   115.6   -30.60   -9.88   -7.91
  29.8   116.0   -32.60  -10.25   -9.16
  38.0   105.1   -32.51   -5.34   -4.45
  37.5   105.9   -32.68   -5.16   -5.41
  37.5   105.5   -32.49   -5.31   -4.86
  37.4   105.7   -32.99   -5.51   -4.95
  37.2   105.2   -33.21   -5.42   -4.80
  37.0   105.9   -32.98   -5.37   -5.35
  36.9   105.3   -32.74   -5.19   -5.06
  36.8   106.4   -33.32   -4.36   -7.20
  36.6   106.1   -33.17   -3.62   -7.93
  36.7   105.2   -35.68   -5.48   -5.68
  36.5   105.6   -35.08   -5.75   -5.48
  36.3   106.0   -34.21   -6.09   -5.09
  36.5   105.3   -37.42   -5.71   -6.13
  36.3   105.6   -36.36   -5.19   -6.73
  36.1   106.6   -34.07   -4.90   -7.14
  36.0   106.2   -34.19   -4.75   -7.07
  36.1   105.0   -36.10   -5.13   -6.25
  35.7   106.2   -35.78   -4.60   -7.97
  35.7   105.0   -35.33   -4.65   -6.71
  35.6   106.1   -35.31   -5.28   -6.81
  35.6   105.5   -35.82   -4.81   -7.13
  35.5   106.6   -34.71   -4.76   -7.74
  35.5   106.4   -33.97   -4.61   -7.47
  35.4   105.0   -36.23   -5.38   -6.12
  35.2   106.5   -34.94   -5.02   -7.47
  35.2   106.0   -34.57   -4.82   -7.17
  35.1   105.8   -34.60   -5.07   -6.69
  35.0   106.2   -36.16   -5.17   -7.56
  34.9   106.8   -35.08   -5.40   -7.36
  34.9   105.7   -34.93   -6.55   -4.74
  34.7   106.2   -35.31   -5.87   -6.33
  34.8   105.4   -35.21   -5.14   -6.56
  34.5   106.4   -33.43   -4.06   -8.30
  34.6   105.7   -34.23   -4.37   -7.57
  34.4   107.1   -34.75   -5.25   -7.84
  34.3   105.8   -34.80   -4.72   -7.47
  42.0   101.1   -32.78   -3.73   -3.13
  40.3    99.1   -30.11   -1.75   -3.77
  40.7   104.5   -31.24   -4.02   -4.76
  40.2   104.8   -31.64   -4.89   -4.16
  39.7   100.2   -31.71   -1.77   -4.87
  39.6   100.8   -32.03   -2.03   -5.04
  39.4   102.8   -30.76   -3.62   -4.20
  39.2   100.3   -32.47   -2.99   -3.72
  39.1   102.6   -32.07   -3.84   -4.20
  38.8   103.4   -32.90   -4.44   -4.32
  38.9   100.7   -31.10   -2.87   -3.86
  38.7   101.2   -29.48   -1.87   -5.06
  38.5   103.2   -33.68   -5.18   -3.54
  38.6   100.3   -32.26   -3.52   -3.09
  38.2   101.4   -33.50   -4.20   -3.39
  38.4   102.9   -32.56   -4.00   -4.46
  38.4   102.2   -33.12   -4.65   -3.31
  38.3   101.7   -32.96   -4.43   -3.18
  38.3   100.8   -32.87   -3.72   -3.38
  38.3   102.1   -32.63   -3.43   -4.62
  38.1   102.3   -32.83   -4.25   -3.83
  38.2   100.2   -33.44   -3.70   -3.11
  37.8   102.6   -33.16   -4.48   -3.90
  38.0   102.3   -33.28   -3.74   -4.60
  38.0   100.9   -33.03   -3.28   -4.08
  37.5   102.6   -34.72   -4.95   -3.79
  37.5   104.3   -33.72   -4.83   -4.96
  37.6   103.4   -33.23   -4.29   -4.80
  37.4   102.8   -35.04   -5.32   -3.58
  37.5   101.4   -36.15   -4.94   -3.22
  37.6   100.4   -35.53   -5.37   -1.68
  37.2   104.1   -34.73   -5.29   -4.60
  37.1   103.0   -36.97   -6.02   -3.46
  37.3   102.0   -36.29   -5.37   -3.23
  37.3   100.2   -36.29   -5.57   -1.46
  37.2   100.5   -36.43   -5.49   -1.84
  36.9   104.6   -36.21   -5.60   -5.15
  36.8   104.1   -38.14   -6.12   -4.71
  36.9   103.2   -37.70   -6.58   -3.15
  37.0   101.6   -37.39   -5.25   -3.37
  36.9   102.6   -36.42   -5.34   -3.85
  36.9   101.0   -37.28   -6.04   -1.79
  36.7   103.2   -37.37   -6.13   -3.66
  36.7   101.2   -36.74   -6.09   -1.78
  36.4   104.7   -37.93   -5.42   -6.17
  36.7   104.4   -37.87   -5.80   -5.32
  36.5   101.5   -38.20   -6.84   -1.46
  36.6   100.3   -36.55   -6.06   -0.99
  37.1   103.4   -36.96   -5.65   -4.27
  36.5   104.0   -36.92   -5.89   -4.57
  36.3   102.9   -36.86   -6.87   -2.30
  36.4   101.0   -37.31   -6.45   -1.29
  36.2   103.4   -36.58   -4.18   -6.26
  36.2   102.0   -38.50   -6.93   -1.90
  36.2   100.5   -37.68   -6.39   -1.03
  36.1   102.3   -38.33   -6.51   -2.70
  36.4   101.1   -36.61   -6.06   -1.71
  35.9   103.3   -37.08   -6.09   -3.83
  35.9   102.0   -38.19   -7.03   -1.69
  36.1   101.4   -37.19   -6.51   -1.56
  35.9   104.2   -36.47   -5.67   -4.99
  35.9   102.8   -38.10   -7.17   -2.23
  35.8   102.5   -37.33   -7.13   -1.77
  35.5   104.5   -35.94   -5.16   -5.84
  35.6   103.2   -37.93   -5.47   -4.88
  34.9   106.7   -34.93   -4.99   -7.77
  35.4   103.3   -36.81   -6.17   -3.70
  35.3   102.8   -37.94   -6.73   -2.84
  35.0   104.1   -36.05   -5.70   -4.88
  35.1   102.4   -37.63   -5.82   -3.64
  35.0   104.5   -35.00   -5.75   -4.79
  35.3   103.7   -36.28   -5.97   -4.17
  34.9   102.9   -35.75   -5.39   -4.14
  34.9   104.5   -36.40   -3.68   -8.19
  34.7   104.9   -35.28   -5.54   -5.60
  34.5   104.9   -35.23   -5.39   -5.83
  41.9    97.1   -30.74   -1.76   -2.47
  41.1    95.5   -32.07   -2.58   -0.76
  40.6    96.7   -32.44   -3.50   -0.55
  40.3    97.7   -32.39   -3.76   -0.92
  40.3    97.1   -31.31   -3.24   -0.97
  40.0    97.4   -32.01   -4.46    0.17
  40.0    96.7   -31.52   -4.20    0.39
  40.1    95.7   -32.16   -3.85    0.56
  39.9    98.9   -31.15   -2.10   -3.48
  39.7    99.6   -31.05   -2.48   -3.49
  38.7   102.3   -32.55   -3.99   -3.99
  39.7    98.5   -31.24   -1.98   -3.40
  39.8    98.2   -31.09   -1.98   -3.16
  39.9    97.9   -30.50   -2.29   -2.50
  39.6    97.7   -31.54   -2.76   -2.00
  39.9    96.7   -31.99   -4.38    0.54
  38.9   101.1   -31.16   -3.46   -3.44
  39.4    98.8   -31.74   -2.95   -2.57
  39.1    99.6   -32.25   -2.86   -3.35
  39.2    98.0   -33.00   -2.64   -2.63
  39.7    95.6   -32.36   -3.95    0.73
  38.8    99.6   -32.79   -3.07   -3.24
  39.0    98.3   -33.30   -2.93   -2.56
  38.4    99.6   -33.29   -3.17   -3.27
  38.0    98.9   -35.39   -5.02   -0.87
  37.6    98.7   -35.38   -5.33   -0.32
  37.5    95.8   -37.20   -8.66    6.12
  37.1    99.5   -35.63   -6.14    0.01
  37.3    99.0   -36.58   -6.00    0.05
  37.3    98.3   -35.00   -5.92    0.84
  37.4    96.7   -34.80   -6.45    2.85
  36.7    99.9   -36.93   -6.50   -0.14
  36.8    99.1   -37.36   -6.30    0.20
  36.9    98.5   -35.74   -6.68    1.55
  40.5    95.0   -31.29   -2.53   -0.44
  40.2    94.8   -31.71   -3.69    1.01
  39.7    94.6   -31.38   -3.90    1.45
  39.6    93.5   -31.35   -3.12    1.25
  39.5    94.9   -32.28   -4.42    1.80
  39.3    93.0   -32.26   -3.96    2.57
  38.8    94.4   -35.48   -3.75    1.06
  38.1    95.0   -34.41   -4.83    2.10
  37.9    93.5   -34.38   -6.06    4.86
  38.3    90.8   -36.35   -5.24    5.78
  38.7    89.2   -30.17   -3.91    5.20
  42.3    97.0   -31.71   -1.51   -2.78
  42.5    95.1   -32.53   -2.29   -0.85
  41.8   102.9   -31.59   -2.92   -4.89
  41.9    93.9   -31.63   -2.62    0.33
  41.2    96.9   -30.95   -1.61   -2.61
  39.9   103.7   -30.81   -3.08   -5.34
  39.3   102.0   -31.03   -2.88   -4.64
  39.9    98.6   -31.38   -1.74   -3.76
  39.7    98.0   -31.70   -2.24   -2.84
  39.6   105.1   -31.63   -4.68   -4.70
  39.6    94.3   -31.53   -2.59    0.06
  39.4    94.3   -33.71   -3.56    1.04
  39.5    97.1   -32.68   -3.65   -0.71
  39.2    94.3   -35.02   -3.22    0.51
  39.3    95.5   -34.11   -3.25   -0.25
  38.9    90.7   -31.66   -3.94    4.20
  39.1   101.3   -31.43   -2.92   -4.25
  39.0   100.2   -31.33   -3.18   -3.19
  38.8    91.5   -33.84   -4.27    4.01
  38.7   101.0   -32.66   -3.81   -3.31
  38.6   100.9   -32.40   -3.75   -3.27
  38.5    89.6   -31.77   -3.83    4.88
  38.5    93.4   -33.43   -4.68    3.18
  38.4    89.9   -32.56   -4.43    5.45
  38.3    94.6   -35.94   -3.32    0.33
  38.4    90.1   -35.00   -5.05    6.09
  38.3   100.8   -33.19   -4.07   -3.02
  38.3    90.3   -35.63   -5.39    6.39
  38.4   100.7   -33.36   -3.90   -3.19
  38.2   100.3   -33.66   -3.95   -2.92
  38.2   102.7   -32.20   -4.03   -4.21
  38.1    92.4   -35.57   -6.09    5.66
  38.1    89.3   -34.50   -4.63    6.23
  38.0   100.2   -33.81   -3.84   -3.04
  37.9    91.7   -36.39   -6.24    6.41
  37.6    99.4   -37.29   -4.72   -2.08
  37.4   101.7   -36.44   -4.67   -3.90
  37.7   100.9   -36.79   -4.88   -3.02
  37.0    90.9   -36.03   -6.18    7.24
  37.3   106.2   -32.82   -4.40   -6.68
  37.2    95.5   -36.63   -6.72    3.97
  37.1   106.6   -33.19   -4.55   -6.98
  37.0   104.1   -38.84   -5.95   -5.12
  37.0    95.4   -37.23   -6.30    3.46
  36.8   105.6   -33.58   -5.54   -5.16
  36.7    93.6   -35.20   -5.64    4.37
  37.0    91.9   -36.07   -6.72    7.10
  36.6   106.7   -32.69   -4.14   -7.52
  36.4    96.4   -35.87   -6.85    3.59
  36.4   106.3   -33.21   -4.15   -7.47
  36.3    99.8   -37.80   -6.62   -0.10
  36.0   105.4   -35.84   -4.61   -7.21
  35.8   106.7   -34.00   -2.07  -11.02
  35.7   101.4   -36.54   -6.23   -1.78
  35.4   106.3   -34.52   -4.73   -7.47
  35.2   106.2   -33.88   -4.38   -7.67
  35.2   105.2   -35.30   -5.08   -6.41
  35.2   100.8   -38.99   -7.56   -0.07
  35.1   106.8   -35.46   -2.82  -10.97
  35.1   101.7   -38.06   -6.69   -1.89
  34.8   107.3   -35.35   -5.75   -7.46
  34.7   106.6   -35.26   -5.71   -6.88
  34.7   107.1   -34.92   -5.54   -7.42
  34.6   101.9   -37.51   -6.35   -2.44
  34.5   106.1   -35.10   -5.35   -6.93
  33.9   106.5   -35.34   -5.35   -7.55
  33.9   105.8   -33.74   -4.02   -8.16
  34.1   105.3   -35.14   -4.71   -7.22
  33.6   106.9   -35.22   -5.66   -7.50
  33.7   105.6   -34.40   -5.10   -6.75
  33.8   105.3   -35.12   -5.39   -6.33
  33.3   106.2   -33.54   -6.00   -5.72
  33.0   106.0   -34.27   -5.34   -6.89
  32.4   105.8   -34.73   -5.22   -7.25
  32.0   105.5   -33.79   -5.00   -7.01
  34.7   103.2   -37.55   -5.96   -4.24
  34.4   104.1   -37.88   -6.42   -4.62
  34.6   102.5   -38.41   -5.85   -4.01
  34.0   104.4   -38.08   -5.59   -6.26
  34.1   103.1   -36.83   -5.22   -5.06
  34.0   102.1   -40.52   -5.50   -4.87
  33.8   104.4   -36.23   -5.70   -5.46
  33.9   103.7   -37.43   -5.63   -5.29
  33.4   104.8   -36.70   -5.64   -6.19
  33.0   104.6   -36.76   -6.00   -5.57
  33.2   104.2   -41.68   -5.54   -7.67
  32.9   103.4   -40.45   -4.73   -7.63
  33.6   103.0   -40.20   -6.00   -5.06
  33.4   101.5   -43.14   -5.20   -5.56
  32.9   101.7   -45.27   -4.64   -7.42
  33.1   100.6   -43.92   -5.39   -4.51
  32.6   103.6   -41.48   -4.39   -8.83
  32.8   102.5   -43.31   -4.79   -7.55
  32.4   104.6   -41.60   -7.33   -5.61
  32.2   104.8   -38.94   -5.97   -6.89
  32.4   103.7   -42.34   -5.27   -8.00
  31.8   104.4   -40.61   -5.73   -7.60
  32.1   103.2   -46.55   -4.76   -9.82
  31.8   101.6   -43.43   -4.37   -7.44
  32.3   101.1   -44.51   -4.71   -6.50
  32.3   100.3   -44.13   -4.66   -5.49
  31.5   104.8   -33.53   -3.97   -7.97
  31.4   104.2   -35.88   -2.91  -10.07
  31.9   102.7   -48.33   -4.19  -10.76
  31.5   102.1   -44.94   -4.85   -7.90
  31.2   104.4   -33.39   -4.76   -6.36
  31.1   103.7   -37.32   -2.90  -10.25
  31.0   102.8   -44.68   -2.56  -12.59
  30.9   101.9   -49.33   -6.49   -6.66
  31.0   101.2   -44.46   -3.76   -8.50
  31.3   100.7   -51.04   -3.94   -9.49
  31.6   100.3   -45.71   -3.63   -7.75
  31.3   100.2   -50.06   -3.53   -9.13
  30.7   104.1   -36.81   -3.12  -10.28
  30.3   102.8   -36.84   -3.35   -8.65
  31.1   100.9   -44.82   -2.83   -9.71
  30.9   100.3   -46.71   -2.03  -10.90
  30.0   103.0   -32.11   -4.01   -6.03
  30.1   101.8   -40.32   -1.44  -12.07
  30.1   101.5   -42.00   -0.67  -13.60
  30.1   101.0   -42.59   -1.39  -11.95
  30.1    99.2   -44.06   -1.55   -9.80
  29.7   104.1   -33.49   -4.96   -6.15
  29.8   102.8   -35.77   -4.10   -7.13
  29.8   102.3   -34.37   -3.48   -7.14
  29.8   101.6   -41.39   -0.52  -13.93
  29.7   100.4   -43.24    0.10  -14.14
  29.6   103.5   -33.69   -4.52   -6.39
  29.7   102.1   -39.82   -2.72  -10.27
  30.3   101.5   -43.08   -1.37  -12.68
  29.2   100.1   -40.97    0.79  -14.53
  29.2   103.3   -34.43   -4.41   -6.78
  29.3   102.4   -38.71   -2.20  -11.28
  29.0   101.5   -40.22    0.20  -15.11
  28.8   103.0   -34.80   -3.96   -7.52
  29.0   102.8   -36.00   -3.38   -8.74
  28.3   103.1   -34.97   -3.74   -8.26
  28.7   102.5   -37.94   -2.57  -10.71
  28.3   102.4   -36.06   -1.77  -11.47
  28.5   102.1   -38.48   -0.31  -14.59
  28.0   102.8   -37.75   -3.42   -9.76
  27.9   102.2   -38.82   -1.40  -13.21
  27.7   101.2   -41.01   -0.18  -15.14
  27.7   100.7   -33.71    3.76  -19.27
  27.8   103.9   -33.85   -4.32   -7.78
  27.7   103.3   -33.64   -4.02   -7.60
  27.7   102.8   -36.41   -2.61  -10.82
  27.4   103.7   -34.64   -4.94   -6.89
  27.4   102.5   -37.25   -1.11  -13.77
  27.5   102.2   -38.40   -0.37  -15.20
  27.5   101.7   -37.95    0.05  -15.19
  27.1   100.9   -38.42    0.78  -16.02
  27.1   100.1   -34.27    3.11  -18.06
  26.9   102.9   -35.21   -1.96  -12.05
  26.6   102.6   -36.07   -0.58  -14.90
  26.7   102.3   -35.71   -0.46  -14.56
  26.8   102.1   -35.33   -0.72  -13.59
  27.0   102.0   -37.25   -0.19  -15.15
  26.7   101.9   -34.78    0.06  -14.71
  26.7   101.2   -34.04    0.54  -14.52
  26.5   101.7   -36.28    0.23  -15.53
  26.7   100.8   -37.94    0.13  -14.72
  26.4   103.2   -34.47   -2.85  -10.60
  26.1   103.2   -35.22   -2.68  -11.43
  26.0   102.5   -35.59   -0.58  -14.97
  26.1   101.7   -30.47    1.24  -15.43
  26.2   100.6   -34.27    0.22  -13.59
  25.5   103.8   -34.99   -4.77   -8.14
  25.6   103.2   -34.48   -2.78  -11.13
  25.8   102.9   -36.07   -1.07  -14.84
  25.6   102.5   -33.95   -0.53  -14.60
  25.6   101.9   -36.66   -2.61  -10.79
  25.7   101.3   -33.61    0.02  -14.07
  25.8   100.6   -32.61    0.54  -13.85
  25.0   103.7   -34.35   -4.21   -9.03
  25.2   102.5   -34.70   -0.29  -15.70
  25.2   102.1   -33.13    0.58  -16.31
  25.2   101.3   -32.85    0.86  -15.82
  25.5   100.5   -33.06    2.07  -17.24
  25.3   100.5   -31.70    0.87  -14.38
  25.0   100.5   -33.32    0.12  -13.63
  24.8   103.3   -34.16   -3.67   -9.63
  24.7   102.9   -33.37   -2.16  -11.98
  24.7   102.2   -31.09    0.64  -15.99
  24.8   100.3   -28.25    0.94  -13.29
  24.4   100.1   -27.86    0.39  -11.97
  24.2   102.4   -30.36   -0.44  -13.91
  24.1   102.0   -30.61   -0.48  -13.55
  24.0   101.1   -28.82    0.12  -13.10
  24.4   100.9   -29.29    0.02  -12.63
  24.1   103.4   -33.46   -5.23   -6.32
  23.6   102.0   -28.95    0.51  -15.30
  23.9   100.9   -29.09   -0.41  -11.87
  23.9   100.1   -26.76    0.83  -12.81
  23.5   103.4   -30.88   -3.23   -9.62
  23.7   103.3   -33.13   -3.78   -9.35
  23.0   102.4   -34.55   -3.26  -10.38
  23.0   103.7   -32.17   -4.06   -9.05
  22.2   100.1   -27.78   -1.47   -8.80
  31.6   100.0   -47.84   -4.13   -7.16
  29.7    98.6   -43.46   -1.42   -9.21
  29.2    98.7   -42.41    0.34  -12.36
  28.8    99.3   -41.27    0.83  -13.91
  29.0    99.7   -40.72   -1.10  -10.72
  28.3    99.8   -39.49    1.52  -15.56
  28.4    98.9   -40.18    1.06  -13.73
  27.8    99.7   -35.53    3.27  -17.78
  27.6    99.0   -35.52    1.25  -13.29
  27.8    98.7   -36.20    0.58  -11.78
  27.3    99.6   -35.56    2.53  -16.65
  26.9    98.9   -32.26    1.49  -13.07
  26.4    99.9   -31.97    1.99  -15.36
  26.5    98.9   -29.68    1.49  -12.48
  26.1   100.0   -32.50    2.42  -16.72
  25.9    99.4   -26.04    3.83  -16.88
  26.0    98.8   -29.80    0.67  -11.05
  25.7    99.9   -29.78    1.34  -13.73
  25.7    99.1   -27.36    2.81  -15.10
  25.1    99.1   -26.08    1.70  -12.74
  24.6    99.9   -28.79    0.81  -12.91
  24.8    99.6   -29.01    1.19  -13.37
  24.8    98.3   -26.29    0.32   -9.25
  24.2    99.6   -26.76    0.52  -11.44
  24.0    99.2   -25.78    0.13   -9.91
  23.8    98.8   -25.53   -0.21   -8.76
  24.3    98.3   -24.05   -0.19   -7.63
  23.5    99.8   -27.69    0.20  -11.67
  23.5    99.4   -27.15   -0.31   -9.87
  23.1    99.3   -27.42   -1.54   -7.21
  22.7    99.8   -28.19   -0.47  -10.76
  22.3    99.6   -28.13   -1.08   -9.24
  34.7   104.2   -36.05   -6.70   -3.63
  34.3   104.6   -36.60   -5.88   -5.42
  34.2   103.9   -38.06   -6.30   -4.69
  34.0   104.9   -35.45   -5.47   -5.92
  33.5   105.1   -34.90   -5.11   -6.53
  25.2    97.9   -20.48    1.33   -9.13
  25.5    98.2   -22.79    1.28   -9.82
  31.2    98.8   -49.25   -3.97   -6.22
  24.9    98.8   -25.00    1.47  -11.73
  25.2    98.9   -25.47    2.08  -13.08
  27.3    98.9   -35.20    1.24  -13.24
  23.5    98.9   -25.45    0.10   -9.66
  29.7    99.0   -42.13   -0.69  -10.65
  24.3    99.0   -25.10    0.74  -10.67
  28.2    99.3   -41.74    0.61  -14.00
  27.8    99.4   -37.42    1.52  -14.74
  23.7    99.6   -26.20    0.39  -11.20
  31.0    99.6   -47.13   -2.50   -9.25
  26.0    99.8   -30.01    2.03  -14.91
  26.8    99.9   -32.27    2.73  -16.64
  26.8   100.0   -32.84    2.54  -16.56
  21.7   100.0   -29.65   -1.43   -9.81
  27.5   100.0   -36.32    2.00  -16.22
  26.3   100.2   -33.55    0.99  -14.32
  30.5   100.3   -44.46   -0.70  -12.60
  28.6   100.3   -39.16    1.45  -15.76
  22.7   100.3   -30.85   -0.57  -12.25
  27.0   100.5   -35.09    1.57  -15.91
  26.4   100.7   -32.94    1.42  -15.47
  24.6   100.7   -29.33    0.05  -12.37
  25.4   100.8   -29.38    1.03  -14.07
  28.1   100.9   -38.71    1.73  -17.19
  29.8   101.1   -38.45    1.92  -16.49
  22.8   101.0   -29.40   -0.66  -12.20
  26.1   100.9   -33.25    0.53  -14.23
  23.4   100.9   -29.07   -0.00  -13.08
  27.6   101.0   -37.34    2.01  -17.72
  30.6   101.1   -45.09   -1.81  -11.95
  22.7   101.4   -30.56   -1.38  -11.59
  30.6   101.4   -45.23   -1.80  -12.41
  27.0   101.4   -37.33    0.53  -15.82
  29.3   101.5   -39.31    0.81  -15.67
  27.7   101.5   -39.30    0.10  -15.42
  22.4   101.6   -31.93   -2.18  -10.80
  25.3   101.6   -33.40    0.14  -14.85
  24.4   101.7   -28.94    0.58  -14.56
  24.4   102.2   -29.82    0.12  -14.52
  23.0   101.7   -29.60   -0.77  -12.75
  25.0   101.9   -29.41    1.15  -15.77
  28.2   101.9   -38.34    0.19  -15.40
  28.6   102.0   -39.41   -0.55  -14.35
  27.8   102.2   -38.18   -0.55  -14.59
  25.0   102.1   -32.66    0.75  -16.60
  30.1   102.2   -35.64   -3.12   -8.02
  25.6   102.2   -33.74   -0.20  -14.82
  29.4   102.2   -38.29   -2.53  -10.26
  23.9   102.2   -29.47   -0.21  -13.96
  28.7   102.2   -38.64   -1.56  -12.43
  29.1   102.3   -36.63   -1.81  -11.13
  27.9   102.4   -36.97   -1.73  -12.11
  29.9   102.4   -37.60   -3.80   -7.86
  27.6   102.4   -37.59   -1.49  -12.96
  23.4   102.5   -32.45   -2.64  -10.66
  24.9   102.5   -32.03   -0.36  -14.53
  30.1   102.6   -34.43   -2.97   -8.24
  27.9   102.6   -36.67   -1.99  -11.75
  24.7   102.6   -31.43   -0.16  -14.92
  28.6   102.6   -36.95   -2.98   -9.76
  27.9   102.7   -37.75   -2.63  -11.14
  30.0   102.8   -34.43   -3.52   -7.54
  28.5   102.7   -36.97   -2.94   -9.98
  25.0   102.8   -32.92   -0.81  -14.30
  24.5   102.8   -32.08   -1.21  -13.37
  23.9   102.8   -31.42   -2.53  -10.51
  23.6   102.9   -29.74   -1.95  -11.22
  30.5   102.9   -35.41   -3.59   -7.75
  24.2   103.0   -34.88   -3.66   -9.89
  28.1   103.0   -36.01   -3.43   -9.22
  26.6   103.0   -35.15   -2.56  -11.14
  25.4   103.0   -34.83   -2.31  -12.10
  24.9   103.0   -33.13   -2.32  -11.54
  24.9   103.1   -30.76   -2.61   -9.89
  30.1   103.2   -35.24   -4.93   -5.89
  25.1   103.3   -35.86   -4.51   -8.59
  24.9   103.3   -34.15   -3.92   -9.07
  28.1   103.4   -33.36   -3.79   -7.88
  29.9   103.4   -34.65   -4.14   -7.24
  26.9   103.4   -34.43   -3.73   -8.90
  24.6   103.4   -34.76   -4.33   -8.76
  25.9   103.4   -33.31   -3.99   -8.25
  24.9   103.5   -34.49   -4.30   -8.69
  29.4   103.8   -33.90   -4.86   -6.27
  28.2   104.0   -34.25   -5.06   -6.60
  30.4   104.1   -33.02   -4.43   -6.66
  31.9   100.7   -45.95   -5.54   -5.22
  30.7   103.6   -33.47   -4.39   -6.34
  29.0   103.9   -32.98   -4.30   -7.06
  24.7   101.6   -30.92    0.33  -14.59
  24.1   102.8   -33.97   -2.99  -10.68
  23.7   102.5   -33.85   -1.16  -14.50
  23.3   101.4   -29.85   -0.17  -13.69
  23.1   103.1   -33.53   -4.46   -8.01
  22.5   104.0   -32.63   -4.75   -8.33
  22.6   101.9   -32.28   -2.10  -11.46
  22.5   101.1   -29.65   -1.01  -11.78
  22.0   100.4   -29.57   -1.14  -10.84
  21.6   100.7   -29.67   -0.92  -12.04
  31.7    99.7   -48.30   -4.18   -6.77
  30.3    99.5   -44.80   -0.67  -11.81
  25.5    99.5   -28.90    2.37  -15.24
  24.6    98.7   -25.05    0.40   -9.49
  24.0    97.9   -17.81   -1.80   -1.87
  30.3   104.6   -34.79   -5.65   -5.94
  43.2    94.7   -32.46   -2.11   -0.78
  43.6    93.0   -32.27   -2.25    0.41
  43.5    91.5   -32.78   -1.75    0.76
  43.8    90.3   -33.30   -1.68    1.40
  42.9    90.3   -33.40   -5.26    5.30
  48.1    86.4   -29.24    1.43    0.21
  47.7    86.9   -30.36    0.60    0.79
  47.2    89.8   -28.74   -1.35    1.18
  47.0    89.5   -28.57   -1.16    1.15
  47.1    87.5   -29.70   -0.26    1.29
  47.1    86.6   -30.42    0.32    1.22
  47.4    85.9   -29.83    0.68    1.18
  46.7    90.3   -29.25   -1.00    0.63
  46.8    85.7   -30.28    1.41    0.65
  46.1    90.2   -30.91   -1.67    1.34
  44.9    89.0   -29.29   -0.23    0.57
  44.0    89.6   -33.13   -1.07    1.17
  44.2    87.9   -30.74   -1.83    2.87
  44.3    86.2   -31.87   -0.88    2.89
  43.4    88.3   -31.64   -1.48    2.38
  43.3    87.2   -31.47   -2.41    4.01
  42.8    88.6   -30.14   -4.18    5.13
  42.4    86.4   -32.57   -2.34    4.61
  41.9    85.5   -31.97   -2.04    4.88
  40.8    87.2   -32.79   -3.21    5.38
  40.3    88.3   -32.38   -3.42    4.96
  39.0    88.2   -33.97   -3.83    5.84
  38.5    87.0   -30.23   -3.24    5.85
  46.8    82.9   -28.98    3.74   -0.28
  45.9    83.6   -30.35    2.41    0.79
  45.0    81.0   -29.86    1.88    2.64
  44.9    82.1   -30.46    0.96    3.08
  44.6    82.9   -29.87    0.12    3.45
  44.5    83.9   -30.55    1.24    1.88
  44.4    84.9   -32.61    0.81    1.96
  43.7    84.3   -31.85   -0.23    3.37
  43.9    81.4   -31.00    0.65    3.97
  44.1    80.9   -30.54    1.43    3.35
  43.5    82.2   -32.16    0.20    4.21
  43.3    84.5   -31.89   -1.20    4.33
  43.1    81.1   -30.41    0.33    4.50
  43.0    84.2   -33.02   -1.45    4.94
  42.1    83.1   -33.49   -0.44    4.76
  41.8    81.8   -34.15    1.06    4.08
  41.8    84.2   -31.64   -3.00    6.72
  41.7    83.0   -32.71   -2.11    6.64
  41.2    82.8   -32.74   -4.26    9.32
  40.6    80.4   -31.18   -4.28   10.80
  40.2    84.3   -30.91   -2.68    6.60
  37.6    83.8   -28.90   -4.12    9.16
  37.0    82.7   -29.29   -4.44   10.57
  36.8    81.7   -27.96   -4.09   10.59
  36.7    83.0   -29.03   -4.34   10.30
  36.5    81.5   -27.98   -4.59   11.51
  40.9    78.5   -32.29   -3.50   11.20
  40.5    79.0   -32.42   -3.66   11.25
  40.2    76.9   -31.75   -2.23   10.88
  39.7    78.0   -31.05   -4.91   13.36
  39.8    76.5   -32.17   -3.01   12.32
  39.7    75.3   -30.02   -1.40   10.61
  39.5    76.7   -32.38   -4.03   13.59
  39.2    75.9   -34.43   -4.26   15.15
  38.9    77.6   -30.19   -5.45   14.42
  38.9    76.2   -32.77   -5.25   15.81
  38.2    77.3   -30.00   -6.02   15.63
  37.6    78.2   -29.38   -5.68   14.81
  37.1    80.0   -26.71   -5.60   13.21
  36.9    75.4   -29.16   -6.24   17.61
  39.8    74.3   -30.12   -1.88   11.75
  38.7    75.0   -27.03   -6.82   16.75
  48.7    86.8   -27.64    1.85   -0.42
  48.6    87.5   -28.32    0.19    0.77
  48.2    85.6   -28.15    2.25   -0.23
  48.3    86.6   -29.18    1.61   -0.05
  48.1    87.2   -29.51    1.12    0.13
  47.8    88.2   -28.71   -0.16    0.80
  47.7    87.5   -29.24    0.10    0.91
  47.7    87.8   -29.30    0.22    0.66
  47.6    88.7   -29.48   -0.30    0.73
  47.3    89.6   -28.52   -0.90    0.85
  47.4    87.9   -28.16   -0.59    1.33
  47.1    88.8   -28.91   -1.07    1.40
  46.9    84.3   -29.69    2.51    0.26
  46.6    83.6   -29.23    2.53    0.54
  46.5    85.0   -31.06    1.42    1.07
  46.5    86.1   -30.28    0.32    1.49
  46.4    89.7   -30.20   -1.27    1.20
  46.5    87.9   -29.60   -0.59    1.42
  46.3    90.4   -31.81   -1.09    0.67
  46.3    86.4   -30.68   -0.11    1.78
  46.2    90.8   -31.40   -1.35    0.71
  46.1    89.5   -29.63   -1.61    1.64
  45.4    86.3   -30.63    0.09    1.70
  45.9    90.1   -29.62   -1.83    1.56
  45.7    87.8   -31.34   -0.28    1.28
  45.5    83.8   -29.89    1.81    1.24
  45.6    90.2   -29.87   -1.95    1.64
  45.4    89.4   -30.50   -1.58    1.71
  44.5    90.5   -32.15   -1.80    1.37
  45.2    81.6   -29.74    1.99    2.19
  45.2    82.6   -30.15    1.67    2.05
  45.1    85.2   -32.34    1.45    1.09
  45.0    86.1   -30.58    0.44    1.47
  43.8    91.2   -32.66   -1.88    1.07
  45.1    90.1   -30.69   -1.43    1.20
  44.6    90.0   -30.78   -1.71    1.56
  44.7    81.7   -30.71    1.46    2.85
  44.6    84.9   -32.42    1.01    1.73
  44.6    87.4   -30.53   -0.08    1.32
  44.5    81.3   -29.85    1.29    3.12
  44.2    85.4   -32.80   -0.42    2.96
  44.2    88.7   -30.38   -2.60    3.21
  44.2    80.4   -29.95    2.53    2.40
  44.2    92.2   -32.05   -2.33    0.95
  44.2    84.8   -31.15    0.28    2.44
  44.3    82.8   -30.39    0.69    3.03
  44.0    94.1   -32.45   -3.25    0.78
  44.0    85.6   -32.34   -1.10    3.53
  44.2    84.4   -30.57    0.64    2.24
  43.9    86.5   -32.64   -1.25    3.20
  43.9    89.1   -31.47   -0.97    1.35
  43.8    94.9   -31.42   -2.06   -0.83
  43.6    81.7   -31.21    0.37    4.17
  43.5    87.0   -32.18   -1.38    3.05
  43.5    81.1   -30.67    0.30    4.51
  43.6    89.9   -33.44   -2.44    2.45
  43.5    88.0   -31.95   -1.33    2.40
  43.5    87.4   -32.65   -1.62    3.09
  43.4    94.0   -32.13   -1.89   -0.56
  43.0    86.1   -31.24   -1.96    4.19
  43.3    84.1   -30.45   -1.54    4.77
  43.3    82.8   -31.53    0.39    3.60
  43.2    89.3   -32.08   -1.68    2.02
  43.2    81.9   -32.15    0.33    4.30
  43.3    92.4   -32.51   -2.70    1.24
  43.1    88.5   -32.44   -1.48    2.31
  43.1    85.5   -32.19   -1.57    4.20
  43.5    83.5   -30.15    0.25    3.16
  42.8    89.6   -31.59   -1.95    2.17
  42.8    87.9   -32.23   -2.05    3.31
  42.7    80.7   -31.73    0.36    4.99
  42.8    84.4   -32.84   -1.59    4.99
  42.6    86.3   -33.19   -1.80    4.11
  43.0    81.9   -32.30    0.30    4.38
  42.7    83.7   -32.17   -1.33    5.08
  42.7    80.3   -31.55    0.39    5.16
  42.1    84.4   -32.27   -1.33    4.76
  42.2    88.2   -32.62   -2.22    3.39
  42.0    86.6   -32.89   -2.55    4.80
  42.1    81.6   -32.78    0.36    4.72
  42.0    83.0   -33.38   -0.99    5.42
  41.9    82.4   -32.69   -2.59    7.49
  41.7    79.7   -32.02   -1.71    8.13
  41.7    80.1   -32.55   -0.76    6.94
  41.6    89.1   -31.86   -2.52    3.21
  41.3    87.4   -31.75   -2.68    4.50
  40.9    77.9   -31.96   -3.42   11.40
  41.0    91.3   -32.39   -3.34    2.81
  41.1    83.2   -31.65   -3.88    8.53
  40.5    81.3   -32.21   -5.13   11.44
  40.5    75.4   -29.82   -0.30    8.95
  40.3    77.6   -31.99   -2.90   11.24
  40.0    79.4   -31.35   -4.56   12.02
  39.6    77.4   -31.68   -4.28   13.20
  39.6    76.0   -31.09   -3.58   13.09
  39.3    75.6   -33.25   -4.50   15.22
  39.3    88.2   -30.87   -3.40    5.13
  39.0    74.4   -26.01   -5.88   15.43
  39.0    88.9   -30.32   -3.31    4.61
  39.0    75.4   -32.60   -5.99   17.10
  38.9    74.8   -28.08   -6.19   16.32
  38.2    74.9   -28.61   -6.21   16.89
  38.4    76.7   -30.29   -6.17   16.16
  38.1    85.6   -30.49   -3.88    7.71
  37.9    80.3   -29.15   -5.16   12.63
  37.8    75.8   -29.65   -6.85   17.72
  37.6    86.2   -31.67   -4.41    8.23
  37.5    77.4   -29.75   -6.05   15.94
  37.4    75.4   -29.14   -6.78   17.98
  37.1    77.0   -29.93   -5.89   16.27
  37.1    84.5   -29.23   -3.93    8.65
  36.8    77.0   -29.78   -6.26   16.88
  36.8    79.9   -28.80   -5.24   13.43
  36.7    83.6   -29.64   -4.88   10.71
  37.4    77.8   -27.60   -5.97   15.05
  37.1    79.0   -30.27   -5.50   14.56
  36.4    80.0   -28.74   -5.45   13.82
  36.3    78.1   -28.38   -5.58   15.18
  43.1    93.7   -32.64   -2.25   -0.03
  47.0    89.9   -28.72   -0.90    0.73
  44.3    83.7   -30.95    1.04    2.24
  42.9    82.2   -31.89   -0.05    4.53
  34.7   101.6   -38.62   -6.83   -1.78
  36.3    98.1   -37.06   -6.85    1.90
  35.6   100.0   -37.48   -6.49   -0.38
  34.6    95.5   -48.00   -6.95    3.13
  34.9    98.2   -43.31   -7.29    1.25
  33.8    99.7   -44.86   -6.10   -2.55
  32.9    95.3   -53.32   -6.67    2.40
  31.9    99.2   -49.07   -4.42   -5.85
  31.2    97.2   -49.37   -3.13   -5.36
  29.9    95.6   -46.01   -4.10   -1.00
  29.7    98.0   -41.75   -2.21   -6.64
  34.2    92.4   -49.63   -6.68    6.53
  32.2    91.7   -48.25   -6.90    8.42
  31.9    94.1   -52.50   -5.96    3.26
  31.5    92.1   -49.70   -6.81    7.86
  30.5    91.1   -45.80   -8.45   12.57
  29.9    93.1   -46.85   -6.03    5.78
  32.0    91.1   -47.50   -7.16    9.74
  31.1    88.7   -44.02   -8.64   15.70
  30.1    90.6   -44.70   -8.61   13.77
  30.8    92.9   -49.43   -6.41    6.28
  28.2    88.6   -39.35   -9.33   18.88
  28.6    87.1   -38.25   -8.94   19.62
  28.4    92.4   -44.40   -7.92   10.90
  28.4    90.6   -42.09  -10.71   18.69
  28.0    91.9   -40.77   -8.53   13.18
  32.0    89.2   -44.42   -7.65   12.97
  31.9    86.4   -42.33   -7.27   15.67
  29.4    88.8   -41.38   -8.92   17.08
  29.3    87.1   -40.22   -8.22   17.97
  28.9    89.6   -41.61  -10.22   18.75
  29.0    85.4   -37.47   -8.21   19.89
  28.1    86.0   -39.38   -9.23   22.07
  27.7    89.2   -41.44  -11.69   23.05
  32.3    84.1   -37.80   -5.98   15.29
  32.4    81.2   -31.63   -5.42   15.80
  30.3    81.2   -35.54   -5.13   17.70
  30.4    82.8   -35.06   -6.64   18.45
  36.6    77.0   -29.94   -6.24   17.03
  33.6    79.9   -30.31   -4.48   14.39
  36.2    78.7   -28.33   -4.96   14.01
  36.0    79.2   -28.80   -4.91   13.84
  35.6    77.8   -28.56   -5.68   15.95
  35.6    79.5   -28.00   -4.72   13.39
  35.8    79.4   -29.11   -4.69   13.59
  35.2    79.5   -29.34   -4.22   13.23
  38.7    76.2   -31.44   -6.22   16.69
  31.9    79.1   -29.38   -5.27   16.98
  35.0    79.7   -29.26   -4.30   13.27
  33.2    79.8   -30.03   -4.54   14.71
  31.5    79.8   -29.95   -5.33   16.94
  34.9    79.9   -28.76   -4.30   13.06
  32.6    80.0   -30.54   -4.70   15.28
  31.7    80.3   -30.14   -5.27   16.36
  34.4    80.3   -28.41   -5.51   14.68
  33.8    80.3   -30.52   -4.62   14.24
  33.0    80.4   -30.62   -4.74   14.80
  31.0    80.4   -30.54   -5.68   17.53
  29.8    95.8   -47.17   -3.87   -1.89
  30.7    81.9   -34.16   -5.35   16.75
  34.2    82.2   -35.01   -5.21   14.34
  32.2    82.2   -33.73   -4.99   14.86
  31.5    82.2   -35.16   -5.80   16.91
  34.1    82.5   -35.04   -4.83   13.59
  35.0    82.8   -34.71   -5.00   13.07
  29.8    83.2   -35.42   -6.76   18.76
  32.4    83.3   -37.46   -5.71   15.57
  30.8    83.6   -36.54   -7.12   18.44
  31.7    83.7   -38.12   -5.75   15.76
  31.0    84.0   -37.71   -6.81   17.57
  33.2    84.0   -37.23   -5.52   14.09
  29.7    84.0   -34.96   -7.54   19.28
  35.3    83.8   -34.31   -6.29   13.83
  31.4    85.1   -38.59   -7.03   16.61
  32.0    85.3   -38.45   -6.96   15.89
  30.7    85.2   -39.25   -7.17   17.28
  29.4    85.6   -37.30   -7.82   18.62
  30.0    85.7   -38.37   -7.85   18.26
  28.7    86.4   -38.59   -8.88   20.32
  30.0    86.5   -41.01   -8.44   18.65
  31.2    87.2   -42.74   -7.63   15.76
  30.6    87.0   -41.90   -8.07   17.06
  35.5    84.8   -34.45   -5.61   11.98
  35.5    85.7   -33.60   -8.53   15.23
  31.6    87.4   -43.07   -7.56   15.19
  28.5    87.8   -41.37   -8.42   18.12
  29.4    88.2   -41.59   -9.10   18.18
  33.3    88.7   -43.19   -7.27   12.31
  30.6    88.6   -41.62   -8.02   15.01
  31.4    89.0   -44.06   -8.21   14.44
  31.4    90.1   -45.27   -8.12   12.91
  27.9    89.3   -42.48  -11.58   22.54
  28.3    89.6   -42.12  -11.11   20.88
  31.4    90.0   -44.59   -8.49   13.64
  30.5    90.1   -43.84   -8.01   13.18
  28.6    89.9   -43.32  -11.41   20.76
  28.9    90.1   -42.12  -10.19   18.02
  29.4    90.2   -42.94   -9.64   16.55
  29.3    90.3   -43.53   -9.60   16.42
  30.2    90.6   -43.80   -8.76   13.99
  32.0    90.8   -47.38   -7.10   10.04
  31.4    90.9   -47.27   -7.33   10.52
  30.9    91.7   -48.64   -8.17   10.96
  31.9    91.7   -49.66   -7.11    8.79
  31.2    91.8   -49.18   -7.47    9.51
  32.6    91.8   -48.82   -6.15    6.96
  29.0    91.9   -44.41   -8.38   12.16
  33.5    91.9   -47.40   -6.76    7.58
  32.9    91.9   -48.70   -6.48    7.27
  34.4    92.6   -48.97   -5.53    4.58
  34.5    92.7   -47.24   -6.79    6.40
  34.8    92.9   -46.93   -4.17    2.34
  31.8    92.8   -49.59   -6.98    7.07
  29.0    93.1   -45.39   -7.34    8.51
  35.6    94.1   -51.52   -3.57   -0.40
  30.6    93.2   -49.58   -6.66    6.29
  35.7    94.1   -42.40   -6.07    3.98
  33.4    94.5   -50.33   -5.99    2.83
  31.6    94.6   -52.40   -5.40    1.65
  35.9    94.8   -36.21   -5.73    3.48
  34.9    94.7   -51.44   -6.57    3.11
  35.7    95.2   -39.96   -6.99    4.42
  33.8    95.4   -49.72   -7.18    3.45
  30.8    95.8   -47.88   -3.70   -2.22
  29.7    96.1   -44.65   -2.71   -3.88
  31.5    96.4   -50.10   -3.47   -3.75
  35.7    96.4   -39.01   -7.18    3.65
  30.1    96.9   -45.14   -2.26   -5.76
  28.5    97.1   -41.55   -3.92   -2.59
  29.3    97.2   -42.19   -1.29   -7.43
  33.7    97.2   -47.89   -7.39    1.76
  34.0    97.5   -45.14   -6.84    1.08
  34.4    98.0   -47.56   -8.14    1.86
  35.5    98.0   -40.89   -7.61    2.36
  31.5    98.2   -51.09   -4.10   -5.54
  32.4    98.6   -46.88   -4.74   -3.91
  35.0    98.6   -42.52   -6.57   -0.03
  35.1    98.9   -42.53   -6.58   -0.34
  34.3    99.2   -44.69   -6.14   -1.82
  35.4    99.2   -37.87   -6.73    0.60
  32.7    99.7   -45.68   -4.47   -5.38
  34.5   100.3   -39.85   -6.16   -1.79
  31.3   101.2   -42.61   -4.27   -7.00
  31.9   102.1   -44.12   -4.53   -8.01
  31.4   102.5   -47.64   -4.45  -10.05
  31.6   102.8   -49.42   -3.92  -11.85
  30.0   104.7   -33.90   -5.26   -6.37
  32.8   104.3   -39.16   -6.30   -5.79
  33.2   105.3   -34.49   -5.38   -6.23
  33.1    98.3   -46.36   -4.64   -3.47
  31.9    98.6   -50.67   -3.89   -6.25
  29.0    97.4   -40.91   -1.51   -7.10
  30.0    97.5   -44.93   -1.87   -7.23
  30.6    97.1   -47.66   -2.47   -6.09
  31.4    97.8   -51.17   -3.64   -5.73
  34.0    92.4   -49.50   -5.96    5.51
  38.7   113.3   -32.45   -6.86   -8.36
  39.8   119.5   -30.11   -8.52   -9.10
  36.1   120.4   -30.63  -10.43   -9.15
  31.7   119.0   -33.32  -12.08   -9.31
  36.2   113.2   -33.03   -7.36   -8.75
  38.5   111.0   -32.63   -6.07   -7.78
  35.1   108.1   -33.08   -5.96   -6.80
  38.8   105.7   -32.73   -5.29   -4.88
  43.0   129.5   -36.65  -13.91  -13.67
  50.4   124.1   -27.73   -5.72   -9.09
  46.1   122.2   -29.66   -7.24   -9.48
  43.9   116.1   -30.19   -6.39   -8.01
  41.5   111.7   -30.74   -5.45   -7.31
  30.8   111.3   -32.83   -8.50   -6.99
  27.1   115.0   -33.79  -10.01  -10.51
  33.1   106.7   -34.10   -4.96   -7.99
  30.8   106.0   -33.34   -5.07   -7.51
  26.4   106.7   -32.29   -5.55   -8.31
  22.1   106.8   -32.61   -6.96   -7.22
  35.1   105.4   -35.26   -4.99   -6.70
  39.4    99.8   -31.99   -2.45   -3.89
  36.4    94.9   -35.57   -6.66    4.66
  38.8    93.4   -35.20   -4.30    2.54
  38.6    91.0   -36.15   -4.81    5.03
  33.3   103.9   -39.23   -7.10   -4.11
  30.5   101.5   -44.04   -1.46  -12.75
  28.8   103.5   -34.90   -4.53   -7.10
  27.4   101.5   -37.05    0.28  -15.10
  26.9   100.2   -32.90    2.71  -17.06
  22.7   101.1   -30.32   -1.70  -10.37
  30.0   100.3   -42.50   -0.41  -12.75
  25.0    98.5   -23.98    0.75   -9.54
  22.6    99.9   -26.57   -1.79   -7.14
  42.8    93.6   -32.54   -2.06   -0.16
  38.1    85.5   -30.22   -3.49    7.24
  33.0    97.0   -44.42   -4.39   -1.87
  29.4    96.9   -43.67   -1.41   -7.11
  35.1    93.1   -52.36   -6.10    4.41
  33.0    92.0   -47.53   -5.83    6.17
  31.9    87.8   -44.18   -7.54   14.56
  28.4    87.0   -38.70   -8.82   19.73
  35.5    79.6   -29.33   -4.15   12.91
  32.4    79.8   -30.19   -4.72   15.49
  27.9   120.8   -31.15  -12.87   -9.55
